0	2825	2991	2768	2942	2826	2901	64206	3064	2975	3041	2957	3016	9674	2678	2439	2515	2518	2488	22	2468	2616	2570	2589	2530	2065	2569	2470	2389	2390	2291	
1	2890	2854	2688	2880	2832	2896	61445	3167	3127	3157	3055	3019	38	2586	2449	2427	2646	2470	3	2519	2645	2572	2583	2549	0	2548	2523	2420	2313	2359	
2	2962	2979	2792	2941	2893	2988	3046	3054	3052	2975	2917	2999	3327	2606	2504	2482	2534	2558	3	2387	2577	2593	2550	2561	0	2516	2507	2375	2415	2352	
3	2856	2842	2719	2925	2945	2936	3046	3159	3066	3085	3090	3066	64206	2723	2496	2474	2492	2475	9674	2492	2550	2515	2516	2496	4096	2525	2583	2342	2344	2330	
4	2886	2938	2803	2912	2823	2894	3041	3095	3008	2962	3002	3067	61445	2656	2517	2434	2627	2420	38	2415	2558	2679	2603	2576	28	2420	2541	2435	2416	2329	
5	2347	2291	2217	2073	2238	1940	3019	3155	3078	3069	2929	2945	2627	2620	2501	2442	2489	2449	3327	2480	2487	2648	2679	2455	1	2596	2523	2368	2437	2272	
6	2163	1874	2433	2212	1635	2533	3032	2992	3075	3083	3017	2926	2627	2521	2462	2460	2527	2506	64206	2565	2679	2574	2609	2608	9674	2502	2579	2373	2372	2326	
7	2148	1949	2143	2416	1675	1368	3090	3132	3194	2997	3102	3070	2639	2548	2572	2583	2522	2471	61445	2514	2625	2582	2624	2519	38	2522	2510	2375	2389	2401	
8	2213	1501	1047	1886	1900	2201	3052	3007	2987	3117	3116	3144	2650	2554	2488	2523	2497	2574	2565	2538	2571	2664	2572	2557	3327	2563	2544	2350	2305	2324	
9	2313	1093	1926	2082	2177	1812	3088	2968	3037	3072	3068	2966	2643	2469	2508	2594	2456	2404	2564	2672	2544	2536	2470	2437	64206	2565	2411	2363	2291	2443	
10	1580	1714	1675	2183	2173	2038	2971	3216	3024	2932	3124	2955	2522	2497	2479	2508	2360	2479	2466	2560	2602	2645	2565	2506	61445	2537	2507	2393	2401	2284	
11	1941	2306	1966	1538	2063	2133	3087	3073	3097	3048	3122	2991	2616	2526	2438	2603	2542	2517	2599	2489	2572	2621	2595	2504	2468	2576	2412	2391	2346	2371	
12	2698	2499	1721	2208	1658	2336	3093	2950	3012	3003	2932	3072	2667	2570	2547	2459	2545	2466	2590	2612	2656	2617	2479	2544	2468	2515	2333	2357	2421	2273	
13	2430	2078	2201	2299	1838	2125	3064	3172	3115	2990	3058	3038	2709	2508	2619	2570	2475	2438	2519	2514	2484	2420	2536	2470	2578	2485	2256	2355	2264	2372	
14	2249	2236	2080	2416	2091	2303	3217	3096	3004	3105	3015	3080	2643	2499	2511	2498	2497	2509	2569	2610	2650	2537	2540	2535	2562	2531	2244	2388	2321	2380	
15	1958	2250	2221	2860	2314	1819	3175	3008	2967	2989	3033	3083	2641	2368	2475	2499	2487	2428	2483	2593	2588	2555	2588	2497	2540	2579	2367	2419	2336	2341	
16	2042	2243	1306	2184	1690	2258	3104	3178	2901	3050	3067	2966	2715	2534	2485	2381	2426	2564	2504	2585	2554	2571	2562	2581	2487	2392	2321	2271	2286	2279	
17	1808	1801	1788	1456	1844	2331	3069	3044	2964	2944	3143	3103	2638	2435	2579	2529	2393	2568	2444	2695	2583	2599	2574	2572	2476	2487	2286	2349	2350	2388	
18	1794	2279	1821	1747	1637	2397	3089	3060	3085	3102	3064	3085	2622	2473	2475	2471	2495	2465	2458	2530	2535	2501	2532	2540	2551	2453	2368	2349	2301	2242	
19	1419	2011	2143	1854	2291	2162	3076	3009	3171	3088	3058	2990	2635	2345	2527	2514	2434	2510	2566	2641	2628	2549	2506	2522	2545	2441	2325	2316	2315	2289	
20	2184	2235	2086	2135	2182	2003	3051	3015	3028	3037	3002	3101	2690	2485	2521	2560	2546	2492	2481	2582	2616	2589	2517	2523	2529	2489	2290	2375	2277	2333	
21	2196	2118	2151	2141	2070	2371	3079	3112	2974	3118	2991	3159	2609	2518	2421	2516	2439	2556	2457	2565	2574	2582	2502	2485	2520	2548	2273	2384	2328	2317	
22	1567	2234	1933	2065	2205	2213	3084	3142	3090	2989	3040	2910	2671	2362	2543	2563	2512	2544	2547	2599	2561	2575	2563	2627	2488	2488	2341	2369	2283	2288	
23	1957	2304	1545	1795	2310	1400	3091	3061	3066	2979	3095	3052	2551	2372	2454	2540	2486	2580	2544	2665	2590	2697	2539	2464	2452	2549	2455	2361	2276	2376	
24	2250	2291	2151	876	1954	2257	3018	3151	3052	2976	3113	2998	2639	2396	2465	2503	2427	2487	2462	2552	2635	2622	2516	2572	2590	2450	2412	2403	2301	2308	
25	2111	2130	2184	1690	1600	2075	3106	3074	3002	3028	3007	3084	2591	2476	2461	2537	2461	2625	2570	2520	2545	2565	2535	2521	2551	2466	2332	2315	2320	2353	
26	2242	1707	2020	2285	2191	2327	3028	2911	3202	3147	3077	3065	2678	2532	2455	2474	2429	2549	2581	2578	2638	2546	2517	2537	2480	2495	2354	2306	2389	2305	
27	1815	2198	2136	2269	1822	3294	3004	3118	3056	3079	3155	3046	2560	2528	2538	2518	2478	2545	2544	2629	2512	2505	2451	2628	2578	2493	2313	2411	2387	2298	
28	1472	2401	2157	2180	2259	2247	3201	2975	3004	3014	3138	2964	2674	2515	2473	2541	2518	2555	2517	2617	2562	2570	2619	2484	2589	2570	2409	2363	2399	2318	
29	2054	2303	2051	2251	2088	2261	3077	2930	3134	3070	3149	2991	2653	2437	2425	2472	2442	2464	2481	2598	2585	2584	2560	2596	2442	2515	2335	2429	2399	2394	
30	2151	2442	1879	1868	2075	1810	3076	3007	3105	3027	3080	3163	2643	2481	2533	2556	2500	2622	2477	2535	2591	2513	2494	2497	2543	2558	2294	2435	2270	2375	
31	2159	1870	2180	2104	2167	1838	3045	3094	3056	3008	3075	3038	2639	2515	2586	2585	2504	2622	2504	2567	2559	2533	2480	2573	2558	2539	2320	2316	2332	2384	
32	2148	1978	1965	2016	2303	1687	3129	2950	3098	3077	3041	2985	2605	2432	2498	2584	2460	2529	2493	2620	2607	2483	2472	2537	2582	2475	2365	2397	2432	2297	
33	1841	2234	2174	2332	1110	1944	3076	3092	3125	3110	3029	2996	2639	2425	2611	2579	2379	2551	2589	2529	2684	2521	2560	2546	2472	2473	2349	2343	2368	2361	
34	2176	2029	2016	2110	1968	2316	3032	3136	3098	3070	2976	3091	2786	2560	2529	2430	2453	2593	2499	2584	2552	2581	2560	2593	2562	2513	2282	2329	2273	2409	
35	2095	2137	1347	1816	961	2465	3117	3131	2983	3103	3136	2988	2603	2507	2483	2587	2576	2456	2475	2603	2653	2644	2576	2625	2524	2571	2416	2313	2438	2324	
36	2081	2189	2159	2120	2148	2150	3020	2946	3031	2990	3066	2942	2651	2537	2497	2497	2528	2482	2483	2624	2543	2641	2515	2516	2504	2527	2364	2362	2351	2271	
37	2225	2368	1428	1681	2349	2146	3089	2955	3136	2980	3058	3078	2643	2562	2546	2578	2434	2568	2521	2612	2602	2573	2443	2569	2508	2513	2351	2425	2360	2374	
38	1659	2377	2187	1888	2130	1099	2985	2936	3046	3010	3117	3159	2707	2524	2390	2526	2487	2602	2446	2588	2632	2656	2554	2547	2415	2505	2431	2327	2304	2391	
39	2218	2145	2338	2288	1921	2183	3174	3039	3108	3010	3036	3094	2674	2518	2574	2537	2498	2476	2483	2603	2528	2595	2493	2552	2530	2504	2362	2380	2353	2326	
40	2271	1207	2239	1513	2240	2042	3026	3073	3141	3065	3171	3042	2642	2489	2483	2529	2493	2470	2625	2641	2532	2547	2553	2458	2516	2480	2280	2358	2370	2313	
41	2079	1535	2067	2228	1835	2222	3017	3083	3080	3023	3063	3108	2621	2509	2482	2513	2387	2453	2533	2635	2623	2645	2482	2503	2504	2491	2336	2305	2292	2370	
42	2175	1126	2066	2189	2524	2397	3132	3092	3091	2944	3089	3080	2600	2432	2477	2466	2443	2508	2546	2628	2599	2541	2534	2551	2535	2405	2371	2303	2349	2325	
43	2161	1282	2252	2283	1370	2311	3047	3094	3098	3088	3119	3058	2591	2422	2486	2492	2419	2558	2549	2598	2695	2541	2576	2446	2520	2489	2311	2290	2285	2367	
44	1706	2526	2186	2295	2131	2159	3130	3037	3039	2985	3069	3061	2643	2427	2540	2392	2473	2567	2499	2716	2510	2605	2547	2553	2566	2489	2303	2403	2380	2361	
45	1980	2086	1962	2098	2057	2211	3142	2916	3161	3100	3067	2958	2637	2455	2472	2534	2485	2538	2593	2599	2656	2615	2514	2563	2579	2553	2356	2341	2311	2285	
46	2247	1887	2156	1025	2025	1790	3104	3027	3123	3073	3128	3051	2689	2518	2551	2553	2456	2574	2491	2587	2543	2607	2597	2595	2571	2469	2479	2423	2338	2401	
47	1969	1219	1799	2268	2127	2326	3061	3043	3157	3051	3139	3005	2657	2438	2443	2583	2431	2589	2479	2576	2612	2479	2487	2452	2587	2491	2367	2393	2295	2312	
48	2332	1988	2206	2020	1475	2235	3158	3147	3042	3053	3195	3073	2622	2459	2472	2552	2474	2588	2489	2602	2591	2543	2620	2554	2420	2576	2316	2421	2378	2372	
49	2549	1848	1840	2054	2406	2032	3145	3065	2967	3029	2949	2958	2665	2532	2517	2481	2353	2399	2502	2540	2560	2611	2502	2497	2503	2581	2282	2456	2406	2414	
50	1753	2053	2236	2255	1644	2224	3226	3129	2970	3049	3042	2934	2619	2529	2475	2508	2523	2597	2500	2629	2546	2522	2492	2568	2569	2429	2335	2348	2368	2272	
51	2301	2094	1920	1635	2163	2262	3000	3031	3109	3030	2964	3036	2593	2479	2465	2583	2381	2478	2455	2567	2528	2547	2569	2566	2476	2440	2348	2384	2410	2335	
52	2256	2412	2151	2104	2391	1668	3071	2957	3080	3074	3095	2989	2516	2493	2473	2580	2543	2339	2511	2529	2652	2493	2598	2536	2540	2525	2389	2394	2288	2306	
53	2261	2591	2013	2285	2346	2299	3104	3015	3014	3134	3088	3106	2723	2533	2474	2534	2471	2512	2551	2593	2580	2641	2490	2507	2420	2518	2358	2429	2386	2330	
54	2222	880	2158	2496	2077	2359	3063	2955	3099	3034	3058	2924	2694	2478	2492	2532	2475	2472	2483	2652	2635	2680	2492	2523	2451	2500	2374	2426	2324	2269	
55	2262	2269	1908	1637	1888	1950	3099	3073	3125	3019	3041	3082	2711	2529	2500	2534	2508	2461	2510	2634	2633	2583	2556	2590	2576	2528	2356	2407	2341	2379	
56	1312	2056	1370	1563	2003	2329	3142	3039	3045	3094	2978	3125	2669	2508	2462	2511	2429	2419	2577	2542	2661	2587	2503	2522	2484	2497	2354	2310	2317	2327	
57	2198	2279	2161	1499	2303	2278	3013	3029	3028	3109	3051	3140	2580	2531	2440	2546	2413	2538	2600	2589	2539	2524	2497	2452	2554	2389	2341	2498	2372	2384	
58	2242	1730	2263	2205	1974	1576	2992	3077	3044	3108	2996	3071	2737	2512	2413	2573	2474	2573	2510	2610	2630	2627	2500	2482	2492	2441	2323	2334	2295	2368	
59	2182	2187	2114	2135	1715	2237	3007	3078	3023	3065	2990	2960	2657	2405	2501	2515	2570	2475	2497	2616	2569	2578	2453	2606	2515	2501	2405	2358	2318	2299	
60	2151	1801	2317	2301	1689	1164	3132	3077	2987	3008	2988	3134	2700	2530	2528	2488	2394	2545	2567	2516	2584	2632	2543	2494	2460	2573	2409	2411	2393	2388	
61	2313	2178	1873	2246	2160	2275	3139	3052	3097	2942	2975	2946	2682	2526	2565	2569	2409	2573	2570	2532	2528	2573	2530	2586	2447	2566	2391	2340	2139	2230	
62	2204	2011	1989	2010	2077	2546	3160	3021	3134	3083	2963	3004	2571	2531	2534	2444	2444	2459	2532	2620	2568	2629	2629	2527	2524	2492	2405	2415	2320	2347	
63	1983	1878	2078	2388	2130	2293	3104	3079	3119	3009	2949	3098	2687	2503	2599	2556	2451	2467	2500	2615	2602	2575	2546	2579	2469	2547	2443	2412	2286	2318	
64	1181	2349	2028	2280	2290	2147	3052	3069	3049	2981	3123	2961	2602	2479	2424	2484	2402	2483	2544	2513	2539	2622	2543	2572	2630	2512	2323	2340	2294	2240	
65	2116	2024	2180	2237	2152	1642	2920	3138	3065	2972	3128	2995	2584	2468	2512	2518	2476	2607	2466	2681	2640	2585	2531	2574	2452	2421	2487	2338	2272	2346	
66	2222	2437	1951	2321	2113	1699	2898	2999	3080	2955	3150	3035	2690	2608	2389	2551	2432	2595	2488	2583	2544	2548	2595	2500	2479	2544	2360	2386	2438	2336	
67	1488	2391	2213	2355	2058	2257	3126	3146	2984	2996	3087	3084	2667	2561	2510	2539	2494	2579	2580	2535	2593	2554	2558	2616	2491	2530	2358	2394	2346	2359	
68	2074	2009	2124	2131	2288	1703	3218	3169	2952	3036	3023	3068	2705	2473	2477	2547	2424	2522	2571	2601	2596	2467	2471	2602	2528	2558	2384	2484	2374	2228	
69	2321	1834	1841	2378	2263	2375	3101	2938	3009	2932	2956	2857	2705	2506	2510	2498	2539	2474	2536	2559	2541	2559	2550	2543	2497	2540	2403	2388	2325	2262	
70	2151	2352	2221	2283	2171	2172	3042	2972	3044	3021	3123	2905	2657	2571	2496	2475	2486	2553	2571	2633	2566	2596	2524	2603	2587	2476	2446	2430	2402	2300	
71	2173	1725	1481	1632	2353	2146	3103	2933	3086	3045	3085	3081	2638	2471	2530	2556	2538	2450	2504	2614	2535	2543	2606	2626	2522	2486	2376	2309	2344	2343	
72	2320	2067	1725	2328	2361	2469	2933	2977	3061	2963	2994	2910	2626	2393	2541	2579	2420	2537	2455	2660	2652	2561	2520	2527	2519	2615	2421	2330	2289	2371	
73	2169	2180	2127	2243	2151	2349	3035	3060	3074	3115	2991	3090	2624	2511	2533	2617	2414	2526	2472	2507	2609	2657	2453	2565	2526	2583	2353	2339	2277	2348	
74	1588	1806	1927	2011	2258	2284	3155	3145	3080	3126	3198	3163	2663	2439	2442	2486	2601	2489	2496	2493	2561	2486	2601	2529	2426	2455	2393	2366	2297	2314	
75	1981	2420	2079	1352	2276	1760	3033	3049	3120	3072	3053	3126	2658	2417	2410	2483	2454	2509	2508	2636	2557	2657	2509	2597	2455	2522	2443	2407	2306	2287	
76	2222	2136	2091	2321	1552	2344	3052	3049	2917	3072	3012	3102	2637	2389	2517	2555	2396	2454	2535	2533	2501	2597	2512	2618	2430	2504	2381	2293	2382	2316	
77	2407	2332	2245	2374	2258	2364	3101	3085	3075	3011	3100	2952	2636	2536	2461	2537	2495	2493	2589	2674	2594	2607	2533	2576	2528	2506	2411	2296	2357	2296	
78	2279	2386	1977	1340	2240	2227	3133	3068	3006	3034	3060	3133	2665	2509	2476	2581	2497	2544	2462	2674	2641	2599	2588	2602	2482	2497	2463	2356	2364	2264	
79	2200	2744	2106	1747	2136	1700	3092	3025	3059	3098	3127	3124	2732	2492	2564	2617	2502	2610	2603	2652	2579	2491	2518	2438	2499	2516	2363	2385	2375	2367	
80	2505	2107	1955	2208	2722	2257	3049	2957	3054	3072	3127	2991	2680	2611	2587	2536	2444	2477	2581	2552	2585	2563	2453	2531	2492	2395	2507	2467	2353	2329	
81	2142	1593	1550	1960	2415	2219	3080	3045	3005	3064	3015	3003	2705	2403	2477	2438	2561	2574	2511	2725	2556	2541	2528	2503	2483	2492	2409	2360	2357	2376	
82	2421	2239	2262	2370	1931	2108	3072	3037	3141	3007	3049	3076	2666	2520	2555	2546	2450	2489	2450	2531	2583	2569	2510	2631	2518	2477	2370	2421	2352	2262	
83	1773	2114	2117	2555	1702	2310	3079	3057	3158	3086	3095	3178	2546	2468	2559	2411	2481	2630	2464	2599	2493	2560	2602	2632	2517	2422	2427	2339	2352	2246	
84	2011	2573	1724	1888	2139	2498	3099	2959	3123	2924	3068	3129	2632	2438	2445	2527	2432	2520	2592	2622	2600	2557	2551	2513	2601	2538	2401	2258	2388	2385	
85	1829	2104	2025	1566	2054	2071	3091	3111	3073	3098	3135	2997	2714	2569	2416	2493	2346	2628	2458	2593	2594	2667	2535	2524	2535	2504	2370	2354	2349	2363	
86	2354	2268	2119	2220	2057	2106	3083	3167	3089	3122	3058	3046	2624	2480	2546	2483	2554	2439	2566	2580	2655	2531	2571	2581	2563	2487	2377	2379	2380	2363	
87	2258	1929	2150	2332	1333	2375	2996	3128	2548	2910	3079	3085	2682	2505	2512	2506	2448	2434	2509	2608	2584	2627	2532	2487	2472	2530	2355	2351	2354	2321	
88	2218	2424	1433	2267	2340	2132	3166	3029	3000	3083	3087	2987	2669	2440	2501	2579	2474	2414	2588	2522	2625	2558	2589	2584	2530	2493	2366	2386	2393	2286	
89	2273	1587	2385	2284	1490	2311	2990	3104	3080	3091	3104	3085	2628	2591	2541	2600	2464	2487	2447	2690	2524	2591	2539	2481	2526	2472	2387	2381	2368	2322	
90	2224	2019	2181	2295	2201	2309	3094	3051	3094	3029	3076	3095	2729	2494	2479	2468	2440	2548	2483	2583	2653	2604	2537	2515	2511	2563	2434	2334	2178	2320	
91	2093	2396	1673	2120	2115	2155	2961	3001	3033	2931	3065	3122	2596	2488	2449	2581	2528	2544	2551	2700	2586	2601	2506	2544	2532	2526	2385	2336	2320	2342	
92	2344	2171	1862	2376	2194	2298	3142	2946	2880	3094	2999	2950	2647	2520	2541	2553	2424	2527	2537	2588	2552	2652	2566	2473	2554	2537	2355	2340	2322	2301	
93	2211	2315	1640	1829	1623	1968	3161	2987	3040	2949	2917	2992	2803	2574	2496	2517	2506	2557	2483	2651	2587	2686	2512	2584	2539	2538	2239	2393	2272	2386	
94	2265	1676	1986	2214	1757	2182	3062	3024	2973	3051	3054	3085	2663	2500	2542	2532	2544	2529	2462	2578	2594	2478	2560	2533	2510	2570	2283	2420	2279	2308	
95	2278	1855	1814	1719	1990	2292	3031	2973	3027	3097	2982	3068	2580	2568	2441	2553	2380	2549	2538	2566	2600	2650	2534	2506	2505	2477	2289	2333	2377	2291	
96	2279	1673	1822	2338	2146	2358	3173	3028	3093	3117	3069	2979	2597	2485	2466	2636	2479	2411	2470	2604	2662	2579	2559	2499	2536	2451	2404	2338	2390	2310	
97	2153	1678	2111	2207	2302	2245	3017	2992	2927	3136	3148	3025	2685	2554	2486	2493	2482	2499	2463	2610	2658	2501	2544	2615	2512	2479	2433	2372	2412	2446	
98	2370	2073	1728	2209	2319	1713	3018	3001	2985	3089	3033	3084	2792	2406	2439	2477	2391	2476	2518	2605	2576	2595	2480	2561	2388	2408	2401	2339	2344	2382	
99	2136	1756	2171	2343	2326	1890	3051	2963	3114	3060	2957	2892	2620	2547	2478	2634	2501	2489	2524	2567	2562	2546	2510	2510	2558	2460	2389	2385	2329	2382	
100	2296	1261	2139	1831	2186	2211	3105	3081	3108	3138	3101	3019	2641	2445	2497	2571	2483	2503	2462	2568	2560	2585	2577	2509	2532	2526	2356	2376	2303	2309	
101	1891	2221	1537	1933	2324	2168	3021	3119	3098	3081	3074	2979	2646	2518	2573	2506	2487	2580	2481	2525	2584	2545	2588	2612	2562	2511	2361	2369	2368	2309	
102	2138	2228	2163	1747	2033	2180	3163	3086	2950	3008	3136	3064	2727	2541	2402	2502	2490	2546	2507	2620	2561	2526	2521	2497	2471	2477	2364	2240	2337	2339	
103	1522	2247	2225	2140	2104	2175	3212	3087	2968	2960	3096	3113	2653	2477	2479	2522	2534	2492	2542	2544	2503	2715	2515	2527	2447	2588	2295	2388	2365	2228	
104	2289	2216	2000	2024	2357	1143	3016	3012	2980	3093	3089	3089	2567	2532	2579	2484	2439	2428	2466	2699	2609	2598	2539	2586	2508	2484	2310	2371	2390	2250	
105	2267	2227	2178	2212	2266	2120	3095	3004	3214	2979	3252	2946	2695	2505	2512	2512	2411	2456	2496	2579	2706	2575	2505	2481	2509	2518	2359	2380	2336	2364	
106	2071	2004	2186	2352	2224	2408	3104	3076	3072	3162	3045	3066	2540	2365	2503	2545	2427	2516	2570	2642	2599	2492	2491	2467	2624	2426	2419	2314	2411	2353	
107	1972	2063	2079	2221	2128	2190	3216	3162	3064	3078	3084	3080	2567	2497	2494	2505	2424	2420	2611	2609	2546	2478	2525	2564	2609	2428	2249	2404	2308	2337	
108	1990	2378	1727	2351	1209	1598	3133	3062	2925	3046	3036	3099	2626	2438	2489	2516	2536	2594	2516	2677	2610	2679	2544	2614	2540	2406	2341	2318	2292	2398	
109	1884	1954	2240	1909	2239	2318	2998	3010	3086	2982	3068	3050	2682	2357	2569	2538	2464	2584	2479	2491	2598	2525	2546	2542	2478	2473	2415	2352	2354	2351	
110	1642	2515	2199	2251	1813	2046	3048	2986	3086	2878	2927	3068	2604	2406	2475	2518	2561	2584	2534	2466	2546	2555	2469	2537	2489	2480	2387	2273	2376	2399	
111	1333	1832	2000	2244	2215	2222	3106	3047	3049	2994	3117	3043	2689	2524	2513	2443	2549	2486	2381	2625	2471	2632	2366	2598	2609	2487	2313	2342	2404	2357	
112	2023	2225	2255	2196	2227	1772	3044	3098	3139	3123	2947	3028	2656	2530	2548	2632	2380	2523	2516	2632	2612	2567	2498	2461	2525	2522	2346	2426	2390	2343	
113	2318	2192	1818	1799	2402	1053	3070	3019	3218	3065	3158	2941	2680	2542	2566	2524	2494	2494	2522	2686	2600	2639	2508	2560	2490	2518	2380	2377	2405	2370	
114	1024	2374	2253	2434	1921	2176	3011	2999	2996	3040	3084	3070	2568	2387	2519	2622	2513	2599	2559	2635	2665	2600	2454	2607	2498	2453	2393	2316	2407	2347	
115	1766	2114	2300	2426	1797	2120	3117	3122	3009	3063	3007	3092	2540	2487	2473	2478	2436	2512	2481	2629	2638	2571	2535	2584	2558	2632	2350	2287	2334	2375	
116	2136	1934	1479	2179	2182	2349	3155	3045	2956	3067	3114	3012	2629	2436	2581	2560	2453	2545	2581	2519	2609	2628	2606	2601	2535	2479	2323	2307	2366	2388	
117	2394	2177	1755	2282	2127	2275	2932	3092	2936	3027	3010	2993	2725	2407	2513	2502	2457	2486	2469	2595	2557	2599	2612	2567	2523	2486	2368	2397	2305	2345	
118	2307	2169	1581	2325	2019	2550	3035	3110	3146	3113	3096	3117	2733	2457	2452	2550	2585	2579	2546	2647	2662	2539	2558	2606	2390	2581	2330	2297	2452	2355	
119	1670	2330	2054	2462	2444	1736	3026	2968	3045	3008	3118	3001	2630	2428	2565	2586	2456	2582	2482	2572	2538	2588	2541	2455	2476	2428	2382	2333	2373	2363	
120	2120	2403	2471	1901	1900	1637	3066	3060	2971	3090	3060	2897	2658	2508	2594	2550	2361	2421	2539	2604	2639	2577	2533	2563	2556	2517	2353	2265	2313	2320	
121	2196	2163	2188	2195	2277	2373	3086	3012	3147	3131	3169	3046	2696	2438	2542	2630	2492	2399	2534	2528	2634	2470	2416	2575	2518	2551	2370	2424	2361	2358	
122	2204	2395	1740	1549	2371	2261	3157	3168	3160	3069	3048	3063	2719	2464	2483	2550	2442	2504	2630	2583	2568	2576	2573	2568	2490	2534	2420	2276	2382	2360	
123	2092	2099	2170	2097	1983	1600	3078	3015	2919	3077	3000	3022	2694	2468	2489	2611	2408	2482	2453	2522	2560	2635	2635	2456	2439	2470	2295	2387	2357	2333	
124	2213	2287	2229	1519	2228	1991	2947	3065	3012	3031	3133	2993	2742	2509	2482	2418	2561	2578	2506	2546	2645	2639	2520	2530	2471	2438	2306	2333	2319	2362	
125	2087	2210	1687	2150	2256	2045	3091	3002	3127	3053	3122	3041	2650	2401	2431	2468	2538	2448	2505	2540	2618	2551	2469	2544	2621	2486	2360	2459	2302	2388	
126	2225	1702	1871	2274	1512	2066	3071	3087	2955	2947	3005	2949	2712	2475	2557	2506	2547	2495	2600	2595	2631	2588	2546	2523	2479	2483	2298	2347	2368	2235	
127	2118	2111	2235	1358	1944	2270	2944	3081	3137	3112	3186	3012	2552	2431	2469	2450	2466	2500	2555	2626	2548	2589	2481	2536	2494	2485	2347	2410	2353	2270	
128	1231	2481	2121	2219	2004	2258	3140	3071	3029	2985	3064	3007	2603	2513	2396	2623	2545	2558	2598	2606	2549	2674	2494	2542	2531	2529	2381	2310	2315	2303	
129	2380	1882	2106	2305	2305	2699	3071	2959	3174	3032	2934	2967	2680	2426	2491	2574	2460	2468	2592	2636	2488	2569	2541	2569	2497	2502	2368	2289	2419	2336	
130	1828	2254	1850	2257	2378	2199	3047	3084	3168	3121	3090	3052	2613	2535	2479	2597	2473	2638	2585	2561	2557	2581	2579	2509	2448	2535	2401	2376	2403	2358	
131	1774	2097	2080	2477	2048	2306	3117	3061	3180	2996	3119	3019	2669	2413	2492	2590	2505	2438	2574	2517	2536	2650	2461	2523	2522	2537	2288	2294	2356	2270	
132	2081	1599	1980	2032	1660	2351	3077	3139	3099	3061	3091	3137	2746	2373	2568	2484	2378	2555	2572	2602	2506	2643	2535	2617	2584	2558	2424	2376	2369	2410	
133	1502	2177	1996	1349	2312	2292	3046	3091	3025	3033	3122	2969	2710	2586	2505	2510	2465	2530	2561	2530	2594	2562	2588	2584	2503	2478	2345	2424	2355	2351	
134	2310	2023	2140	1974	1443	2318	3123	3104	3099	2968	3048	2980	2649	2387	2489	2579	2416	2492	2529	2546	2579	2574	2485	2496	2570	2507	2392	2377	2290	2351	
135	2071	2046	1537	2130	2050	2169	3150	3049	3056	2973	3104	3050	2740	2400	2452	2434	2510	2490	2523	2649	2550	2621	2477	2456	2525	2511	2405	2423	2402	2358	
136	2122	2018	1039	1528	1441	2048	3176	3178	3089	3036	3011	3053	2682	2577	2551	2567	2398	2575	2376	2554	2526	2628	2478	2534	2462	2481	2303	2433	2309	2211	
137	1762	2128	2620	1819	2276	2424	3017	3054	3106	3032	3116	3044	2699	2486	2522	2541	2432	2525	2433	2571	2567	2583	2471	2528	2530	2587	2350	2285	2395	2387	
138	2568	2092	2029	2237	1322	2131	2989	3067	3117	2977	3040	2954	2721	2404	2528	2509	2619	2582	2448	2625	2660	2506	2430	2602	2458	2497	2428	2309	2376	2318	
139	2076	2338	2131	1873	2122	1510	3139	2951	3048	2996	3071	3029	2568	2543	2488	2584	2406	2456	2533	2667	2565	2574	2517	2598	2480	2572	2321	2314	2331	2259	
140	2243	2085	1954	2242	2256	1877	3152	3112	3060	3063	2949	3124	2614	2447	2460	2480	2442	2555	2547	2659	2638	2650	2518	2659	2508	2556	2370	2322	2408	2421	
141	2093	1704	1915	2214	2405	2445	3078	3072	3021	3030	3032	2972	2683	2379	2429	2512	2464	2419	2584	2622	2576	2656	2426	2488	2561	2444	2321	2279	2347	2385	
142	2340	2196	2276	2290	2123	2185	3100	2889	3093	3066	3070	3174	2629	2492	2467	2552	2503	2545	2566	2643	2575	2578	2616	2589	2571	2572	2372	2330	2330	2310	
143	2439	1473	1103	2235	2305	2236	3027	3065	3067	3118	3089	3023	2673	2423	2437	2439	2438	2594	2519	2590	2563	2567	2518	2511	2517	2568	2355	2383	2350	2310	
144	2163	2170	2218	2093	1851	2317	3110	2866	3023	3097	3062	3031	2660	2495	2481	2577	2565	2521	2524	2536	2601	2616	2556	2568	2473	2526	2397	2441	2346	2316	
145	2338	2288	2232	2426	2129	2003	3074	3067	2886	3060	2980	3019	2704	2534	2491	2553	2551	2586	2471	2703	2602	2535	2593	2504	2490	2504	2351	2332	2402	2392	
146	1642	2282	2108	1856	1528	2286	3073	3051	2990	2914	3045	3013	2695	2458	2538	2573	2494	2558	2604	2642	2555	2583	2614	2603	2566	2450	2420	2317	2294	2345	
147	2368	2090	2162	2146	2119	2194	3176	3136	3145	3053	3104	2949	2610	2437	2591	2534	2525	2499	2574	2556	2576	2591	2612	2571	2444	2438	2444	2372	2328	2397	
148	2223	2355	2286	1836	2407	1407	3109	2999	3053	2942	2955	3010	2686	2522	2538	2441	2409	2452	2389	2610	2666	2599	2547	2481	2514	2480	2310	2340	2296	2385	
149	2031	2235	2080	2111	2038	2313	3037	3048	3063	3030	2949	2994	2553	2568	2482	2522	2386	2629	2596	2578	2691	2581	2511	2514	2526	2492	2406	2352	2386	2317	
150	2144	1928	2290	2216	2399	2082	2991	3076	3083	3088	2977	2965	2635	2421	2513	2570	2527	2531	2507	2687	2614	2510	2535	2471	2520	2480	2408	2328	2394	2380	
151	2124	1416	1843	2294	2111	1979	3014	3062	3106	2981	2964	3019	2607	2480	2457	2561	2456	2576	2631	2674	2470	2552	2580	2481	2493	2474	2437	2370	2306	2362	
152	2386	1991	1779	2214	2364	2371	3157	3090	3045	3001	3111	3054	2689	2385	2507	2511	2536	2482	2571	2527	2561	2602	2438	2468	2502	2441	2395	2355	2321	2339	
153	2296	2202	2060	2323	2007	2257	3150	2994	2933	3044	3006	3019	2625	2430	2495	2509	2524	2510	2489	2669	2486	2500	2573	2606	2455	2569	2393	2260	2224	2324	
154	2434	2098	2061	1870	2397	2129	3033	3085	3109	3000	3092	2987	2527	2466	2421	2565	2436	2491	2541	2596	2636	2556	2601	2598	2527	2445	2355	2396	2376	2255	
155	2201	1987	2035	1840	2321	2378	3098	2995	3099	3115	2992	3039	2780	2474	2518	2434	2481	2483	2494	2597	2672	2440	2608	2490	2513	2438	2354	2378	2336	2334	
156	1901	1763	1140	2191	2234	2199	3048	2951	3053	3026	3025	3060	2682	2504	2560	2508	2470	2574	2487	2633	2665	2643	2511	2572	2542	2556	2370	2358	2319	2363	
157	2364	2100	2149	1948	2052	1608	3051	3036	3095	3107	3126	3056	2768	2426	2531	2520	2319	2414	2420	2611	2589	2534	2537	2497	2537	2454	2400	2411	2337	2352	
158	2455	2097	1804	2275	1888	1530	3111	3126	3048	3036	3008	3059	2593	2533	2515	2621	2471	2605	2564	2607	2567	2544	2514	2611	2442	2494	2411	2492	2333	2338	
159	2122	2094	2023	2016	2282	2219	3098	3029	3033	2956	3158	2989	2720	2381	2579	2507	2567	2523	2514	2615	2648	2523	2482	2579	2492	2514	2361	2412	2336	2329	
160	2180	2215	1972	2346	2259	2349	3041	3031	2981	3075	3113	3102	2608	2501	2586	2509	2513	2555	2593	2543	2622	2527	2515	2617	2484	2515	2439	2408	2331	2375	
161	2211	1680	2318	1802	2350	1900	3114	2984	3200	2971	3102	2867	2546	2530	2562	2644	2430	2503	2518	2616	2612	2606	2547	2572	2527	2526	2319	2310	2318	2270	
162	2155	2254	1615	1967	2415	2274	3140	3005	3000	3033	3141	3075	2613	2504	2415	2490	2449	2600	2536	2638	2576	2594	2507	2507	2507	2462	2444	2393	2323	2436	
163	2436	2268	2148	2243	1963	1417	3042	2969	3146	2991	3032	2954	2634	2555	2541	2504	2500	2559	2525	2518	2685	2540	2636	2488	2546	2494	2372	2416	2399	2398	
164	2111	2238	2101	2045	2279	1982	3036	3028	3131	3066	2899	3082	2689	2516	2598	2467	2501	2598	2364	2618	2579	2464	2519	2476	2522	2444	2436	2420	2436	2243	
165	2020	1728	1744	2205	2299	2131	3029	2992	3051	2883	3080	3106	2530	2508	2539	2549	2535	2487	2582	2626	2587	2597	2615	2584	2481	2448	2416	2411	2407	2348	
166	3040	2238	2380	2269	2302	2228	3058	2987	2997	3112	3181	3016	2728	2537	2489	2556	2509	2555	2484	2563	2577	2540	2568	2600	2430	2539	2500	2321	2395	2326	
167	2141	2314	1298	2204	2000	1848	3014	2985	2906	3113	3008	3089	2564	2454	2445	2541	2332	2600	2541	2575	2659	2593	2550	2547	2526	2620	2357	2387	2383	2314	
168	2060	2240	1439	2265	2193	2186	2939	3057	3110	3024	3025	3041	2619	2418	2568	2533	2449	2445	2504	2621	2623	2578	2539	2524	2443	2613	2346	2354	2354	2276	
169	2279	2284	2132	1768	2342	2313	2972	3105	3047	3085	3001	3020	2668	2544	2483	2488	2559	2572	2570	2693	2587	2674	2579	2556	2448	2521	2422	2407	2339	2264	
170	2229	1806	2092	2344	1279	2210	3105	3053	3056	3102	3040	3054	2591	2532	2494	2534	2586	2537	2552	2577	2550	2545	2461	2399	2448	2529	2400	2402	2318	2313	
171	2114	2301	2134	1815	2157	2098	3032	3039	3134	3182	3069	3121	2678	2484	2495	2488	2487	2493	2545	2525	2577	2618	2537	2572	2500	2473	2433	2318	2348	2399	
172	1899	2197	2100	2617	2190	2266	3018	3025	3098	2990	3047	2977	2595	2469	2486	2500	2574	2511	2472	2572	2602	2515	2540	2577	2475	2476	2397	2309	2381	2342	
173	2554	1934	2225	2193	2138	1620	3096	3106	3108	3015	3011	3075	2618	2479	2487	2534	2510	2439	2532	2504	2488	2461	2583	2522	2497	2561	2357	2386	2348	2362	
174	2310	2205	1917	1483	2274	2301	3096	3008	3057	3081	3088	3030	2640	2459	2528	2553	2468	2487	2552	2568	2601	2471	2566	2581	2482	2534	2404	2321	2262	2241	
175	1707	2629	2261	2079	2023	2146	3128	3056	3032	2975	3121	2945	2658	2514	2483	2567	2449	2469	2567	2548	2552	2672	2473	2552	2561	2478	2521	2333	2393	2351	
176	1358	1288	2046	2030	2331	2112	3120	2996	3035	3000	3086	3043	2695	2506	2487	2509	2467	2509	2529	2609	2519	2569	2603	2546	2579	2455	2471	2357	2396	2337	
177	1917	1666	1756	2208	2022	2318	3129	3048	3012	3066	3150	3070	2641	2515	2609	2490	2423	2496	2456	2468	2601	2580	2552	2603	2498	2506	2356	2333	2342	2366	
178	2227	1394	1647	2568	1241	2272	3161	3035	3151	2965	3002	3002	2635	2520	2451	2489	2462	2530	2485	2535	2594	2526	2419	2513	2496	2440	2415	2390	2254	2303	
179	2128	1701	1064	1943	2169	2296	3063	3088	2974	2952	3121	2993	2728	2457	2509	2479	2485	2505	2554	2648	2684	2578	2533	2476	2509	2436	2364	2351	2320	2423	
180	2158	2118	2183	1976	2327	2185	3093	3010	2972	2960	2923	3167	2571	2429	2507	2569	2508	2545	2500	2632	2506	2585	2481	2495	2560	2447	2350	2306	2344	2273	
181	2276	1766	2158	2145	2146	2259	3123	3099	3102	3070	3055	3125	2634	2582	2466	2500	2409	2579	2426	2473	2567	2455	2457	2596	2530	2529	2382	2362	2357	2322	
182	2283	2215	1971	2046	2249	990	3186	3123	3103	3096	3138	2993	2692	2552	2442	2541	2496	2461	2561	2625	2560	2600	2538	2522	2463	2544	2375	2340	2360	2242	
183	2183	1589	1980	1644	1539	2254	3003	3117	3055	3061	3116	2957	2619	2484	2489	2518	2475	2483	2570	2674	2605	2432	2491	2586	2503	2439	2335	2388	2347	2327	
184	1625	1934	1877	2164	2289	2437	3027	3076	3057	2989	3014	2971	2624	2528	2449	2506	2549	2541	2554	2568	2572	2551	2555	2503	2540	2521	2426	2422	2387	2239	
185	2215	1887	2150	1614	1719	1919	3166	3142	3021	3003	3072	2953	2604	2408	2518	2548	2410	2478	2530	2628	2635	2539	2467	2470	2559	2518	2311	2357	2343	2274	
186	2092	2523	2194	2135	2249	2363	2976	3050	3087	3089	2964	2998	2550	2462	2434	2445	2451	2542	2611	2543	2524	2562	2581	2505	2423	2588	2439	2341	2345	2339	
187	2442	1938	1528	1676	2147	1581	3170	3001	3029	3051	3148	3050	2683	2516	2504	2484	2405	2583	2486	2618	2582	2605	2522	2611	2566	2503	2463	2373	2394	2389	
188	1405	2173	2356	2466	2101	2247	3163	3134	3012	3026	3092	3019	2629	2437	2479	2472	2532	2583	2588	2571	2549	2677	2519	2516	2522	2460	2323	2363	2386	2365	
189	2136	2293	2068	1939	2138	1642	2925	3074	3081	2956	3044	3064	2646	2466	2346	2598	2449	2479	2520	2507	2519	2547	2508	2552	2500	2537	2307	2289	2334	2425	
190	2189	2181	2235	2026	1704	2326	3182	3132	3111	3091	3073	3007	2635	2585	2455	2554	2407	2620	2546	2578	2650	2604	2620	2520	2483	2559	2392	2456	2324	2390	
191	1024	2123	2223	1609	1418	1812	3116	3077	3129	3013	3064	3003	2697	2568	2467	2515	2479	2583	2455	2674	2546	2577	2477	2626	2531	2561	2364	2330	2433	2279	
192	2032	1819	1984	2085	2074	2264	3028	3048	3155	3042	3094	3089	2727	2546	2496	2526	2465	2511	2578	2641	2561	2472	2525	2531	2607	2574	2383	2401	2255	2302	
193	2292	1581	1505	2118	1646	2202	3005	3072	3110	2975	3040	2966	2715	2508	2520	2544	2401	2519	2427	2648	2592	2523	2625	2540	2572	2575	2382	2310	2336	2361	
194	1689	2134	2029	2275	2285	1783	2991	3053	3107	3092	3088	3039	2683	2520	2559	2475	2377	2437	2471	2560	2555	2694	2517	2512	2501	2514	2346	2365	2297	2279	
195	1905	2129	2172	2339	2407	2418	3104	3183	3054	3007	3047	2986	2671	2538	2477	2499	2425	2542	2453	2526	2577	2469	2576	2577	2549	2483	2403	2305	2282	2307	
196	2156	2273	1956	2353	2455	2324	3063	3068	3017	3026	3064	3099	2621	2414	2562	2475	2474	2534	2412	2511	2567	2569	2496	2518	2516	2504	2389	2377	2425	2404	
197	2119	2318	2260	2381	1885	2303	3105	3101	3006	3105	3033	2975	2633	2588	2427	2516	2438	2441	2522	2635	2546	2525	2560	2502	2517	2484	2405	2348	2377	2301	
198	1267	2339	1948	2185	2148	2236	3016	3143	2963	2991	3005	2973	2719	2531	2486	2503	2472	2552	2522	2571	2647	2620	2599	2535	2607	2474	2348	2308	2218	2306	
199	2278	2274	2156	2451	1996	2447	3014	3052	3172	3073	3105	3014	2706	2497	2444	2527	2575	2404	2440	2644	2657	2502	2442	2549	2569	2525	2371	2434	2308	2249	
200	2211	2241	1847	2306	2184	1942	3118	3131	3008	3134	3044	3049	2616	2440	2539	2494	2478	2523	2488	2534	2584	2544	2530	2521	2490	2427	2339	2410	2364	2368	
201	1792	2264	2261	2129	1772	1951	3192	3065	3032	3144	3057	3072	2610	2561	2438	2555	2419	2456	2519	2586	2477	2588	2578	2538	2532	2598	2393	2328	2380	2323	
202	1557	2182	2271	1586	2023	1905	3029	3142	3027	2986	3025	2922	2628	2515	2557	2569	2493	2496	2513	2614	2672	2487	2504	2475	2540	2545	2410	2338	2353	2265	
203	2448	2250	1891	2054	1513	2029	3073	3141	3054	3026	3082	3042	2622	2518	2453	2451	2469	2663	2617	2555	2541	2624	2465	2467	2581	2575	2434	2418	2365	2289	
204	2250	2193	2223	2235	1827	1596	3122	3022	3044	2994	3048	3015	2678	2487	2475	2530	2475	2541	2553	2630	2507	2622	2542	2610	2539	2472	2478	2308	2353	2337	
205	2101	2196	2215	2148	2357	2216	3038	2990	3015	3150	3071	2888	2663	2516	2563	2474	2412	2517	2549	2621	2532	2559	2454	2544	2531	2469	2384	2302	2380	2317	
206	1417	2051	2306	1861	1613	2159	3114	3152	3071	3040	3019	3032	2625	2491	2505	2411	2535	2508	2540	2539	2544	2533	2566	2596	2532	2532	2404	2395	2371	2308	
207	2177	2108	2172	1943	2317	1928	2995	2967	3049	3069	3080	2926	2679	2439	2580	2554	2548	2469	2545	2604	2561	2490	2544	2569	2497	2502	2270	2300	2308	2359	
208	2218	2289	2194	2241	1848	1697	3146	3083	2986	3025	3014	3035	2552	2522	2523	2606	2483	2551	2568	2631	2498	2625	2511	2542	2494	2589	2446	2382	2396	2305	
209	1612	2113	2160	1614	1984	2272	3133	3006	3055	3136	3134	3031	2572	2488	2462	2542	2491	2527	2473	2656	2607	2587	2569	2437	2517	2508	2368	2370	2347	2343	
210	2602	2213	2028	2275	1985	2104	3147	3117	3003	3186	3054	3056	2710	2495	2579	2554	2457	2467	2569	2604	2606	2621	2595	2542	2560	2427	2439	2337	2356	2301	
211	2061	2029	1988	1781	1735	1431	3029	3080	3117	3111	3070	3023	2570	2415	2497	2605	2641	2549	2447	2671	2623	2552	2507	2449	2677	2535	2419	2294	2265	2404	
212	2030	2112	2341	2020	2106	2062	3038	3018	3001	3072	3142	2989	2761	2504	2528	2530	2470	2563	2523	2569	2654	2600	2559	2599	2512	2429	2316	2396	2405	2383	
213	1872	2148	2052	2087	1166	2215	3116	3043	2976	3009	3078	3049	2673	2581	2538	2529	2462	2492	2516	2531	2626	2579	2493	2473	2323	2501	2344	2301	2351	2405	
214	2204	2142	1319	2418	2005	2116	3142	3130	3092	2920	3012	3055	2745	2502	2583	2522	2420	2621	2531	2536	2603	2604	2553	2643	2537	2474	2400	2420	2323	2320	
215	2233	2029	1921	2209	2331	2117	3162	2959	2993	3025	3099	2984	2660	2508	2425	2463	2467	2533	2589	2554	2623	2587	2602	2380	2440	2451	2355	2379	2373	2353	
216	2165	1097	2208	2129	2158	1883	3179	2961	3049	3109	3001	2922	2662	2455	2526	2602	2488	2505	2480	2610	2605	2489	2519	2525	2490	2433	2335	2320	2373	2257	
217	2354	2113	2120	1827	2077	2353	3043	3055	2963	3035	3053	3016	2685	2440	2476	2566	2443	2498	2468	2524	2664	2563	2461	2629	2439	2512	2367	2371	2247	2401	
218	2155	2073	1555	2100	2169	1645	3016	3093	3052	3074	3119	3040	2617	2544	2561	2399	2487	2525	2510	2552	2564	2567	2512	2502	2586	2461	2347	2443	2393	2449	
219	2121	1906	2094	1699	2782	2328	3167	3178	3087	3057	3083	2966	2664	2453	2500	2533	2424	2606	2539	2603	2578	2517	2541	2540	2522	2485	2421	2371	2327	2317	
220	1864	2292	2046	1221	2173	2220	3087	3014	3005	3125	3135	3049	2614	2398	2489	2489	2513	2469	2508	2614	2556	2627	2594	2662	2432	2445	2308	2382	2335	2345	
221	2365	2156	2238	2045	2143	2107	3007	3085	3028	3082	3112	3106	2538	2556	2547	2481	2479	2416	2588	2619	2566	2643	2500	2588	2488	2543	2317	2362	2343	2372	
222	2437	2268	1758	1399	2303	2137	3100	2924	3016	3023	3099	3013	2749	2626	2496	2651	2387	2543	2470	2634	2610	2521	2577	2624	2567	2464	2451	2418	2224	2388	
223	2470	1993	2144	2363	1973	1941	3183	3103	2955	2998	3171	3101	2692	2448	2513	2511	2534	2502	2578	2551	2589	2475	2499	2539	2636	2557	2348	2391	2324	2383	
224	2325	2301	2016	2311	1613	2142	3077	2977	3094	2973	2921	2973	2632	2515	2365	2519	2432	2451	2573	2603	2615	2529	2516	2467	2437	2545	2372	2367	2306	2282	
225	1815	1872	2236	2297	1847	1841	3136	3031	2996	2990	3088	2999	2619	2520	2473	2466	2391	2545	2586	2488	2649	2490	2554	2506	2588	2518	2352	2376	2395	2343	
226	2439	2252	2065	2188	1877	2031	3072	2996	3064	3080	3049	3050	2547	2402	2487	2615	2467	2521	2564	2664	2662	2563	2499	2439	2478	2573	2380	2339	2378	2325	
227	1059	2249	2039	1649	1810	2428	3005	3152	2933	3016	3014	3008	2727	2457	2519	2530	2439	2487	2593	2618	2449	2577	2503	2507	2518	2435	2373	2310	2331	2333	
228	2231	1666	2087	2143	2317	1800	3043	3183	3146	3110	3100	3034	2619	2480	2451	2512	2499	2504	2507	2713	2670	2555	2550	2495	2551	2488	2349	2340	2334	2295	
229	1989	2373	2280	2154	2172	2358	3054	3024	3091	3055	2992	3166	2774	2603	2475	2517	2484	2501	2559	2564	2673	2535	2594	2459	2404	2534	2341	2348	2338	2353	
230	2178	2128	1932	1720	2259	2293	3069	3075	3072	3068	3148	3010	2524	2512	2489	2531	2427	2517	2472	2537	2455	2514	2524	2552	2484	2480	2413	2369	2373	2284	
231	1780	2392	2138	2434	2046	1908	2991	3051	3037	3091	3064	2886	2679	2449	2494	2465	2406	2477	2638	2621	2528	2596	2599	2526	2568	2516	2402	2386	2280	2316	
232	2451	2206	2048	2256	1615	1970	2981	3067	3139	2970	3042	3047	2670	2420	2437	2421	2473	2510	2522	2591	2478	2637	2603	2508	2480	2521	2413	2431	2300	2340	
233	2208	2294	2188	2053	2680	2154	3069	3042	3016	2960	3029	3066	2616	2548	2435	2454	2416	2512	2593	2613	2507	2624	2585	2448	2554	2475	2318	2324	2427	2333	
234	2261	2344	1860	1407	2352	2157	3073	3165	3073	3000	3043	3094	2681	2414	2529	2545	2560	2551	2504	2676	2571	2505	2467	2549	2546	2532	2421	2328	2334	2346	
235	2080	1507	2071	2054	1836	1657	2993	3033	3150	2961	3072	3003	2665	2539	2523	2462	2459	2513	2577	2562	2440	2612	2506	2512	2473	2465	2363	2373	2301	2306	
236	1572	2482	2618	1908	2123	2175	3013	2987	3024	3105	3075	2914	2743	2472	2587	2581	2463	2494	2537	2631	2509	2627	2621	2495	2479	2547	2313	2405	2325	2372	
237	2050	1389	2046	2213	1955	2230	3081	2999	3099	3022	3014	2986	2772	2499	2567	2547	2504	2497	2516	2584	2628	2613	2504	2583	2530	2569	2417	2346	2371	2311	
238	2289	2014	2221	2078	2368	2231	3022	3092	3265	3088	3032	3007	2594	2453	2554	2541	2321	2505	2453	2600	2750	2647	2581	2442	2521	2497	2360	2333	2257	2355	
239	1260	2127	2151	2201	2033	1701	3039	3112	3059	3089	3085	3127	2664	2392	2572	2469	2501	2545	2500	2554	2574	2640	2574	2470	2582	2536	2401	2296	2349	2361	
240	1222	1605	2146	2296	1924	1533	2919	3119	2992	3066	3060	3126	2616	2473	2396	2430	2488	2539	2603	2703	2611	2532	2564	2611	2473	2507	2288	2363	2353	2236	
241	2299	2386	1884	1952	2347	2375	3079	3078	3129	3024	3075	2911	2618	2555	2466	2556	2495	2485	2523	2538	2613	2597	2551	2638	2481	2418	2309	2344	2318	2315	
242	2050	2236	2180	2192	1681	1219	2986	3124	3107	3110	3027	2992	2642	2493	2526	2577	2488	2487	2525	2571	2701	2531	2532	2683	2559	2502	2401	2334	2296	2355	
243	2025	1657	1870	2044	1622	2247	3026	2983	3116	3133	2994	3086	2625	2412	2441	2519	2475	2485	2551	2573	2595	2599	2632	2535	2560	2534	2394	2336	2388	2366	
244	1699	1450	1575	2403	2224	2230	3001	3037	3095	3119	3050	2941	2608	2394	2417	2496	2488	2558	2489	2598	2653	2569	2645	2518	2421	2394	2280	2329	2365	2283	
245	2196	2055	1943	2267	1802	2117	3139	3099	3025	3044	3094	3074	2676	2425	2501	2514	2347	2588	2514	2603	2566	2506	2516	2526	2552	2439	2438	2212	2429	2394	
246	1999	2209	2120	1839	2319	2058	3100	3043	3129	3056	3033	3093	2608	2539	2560	2535	2406	2453	2500	2599	2614	2634	2495	2564	2499	2425	2376	2362	2263	2334	
247	2048	2236	1546	1660	2241	2083	3047	2923	3014	3054	3066	3052	2653	2425	2501	2475	2409	2494	2483	2599	2611	2533	2585	2535	2509	2571	2375	2410	2346	2393	
248	1609	1838	2271	1931	2097	2266	3214	3171	3066	3108	3067	3122	2580	2464	2511	2594	2488	2499	2425	2562	2539	2558	2481	2556	2455	2531	2342	2348	2325	2310	
249	2136	2223	2166	2323	1910	1663	3137	3044	3125	2979	2973	2837	2634	2497	2430	2455	2424	2540	2467	2585	2649	2620	2442	2523	2469	2506	2323	2321	2334	2332	
250	2146	2276	1280	1636	1777	1656	3061	3019	3028	2915	2967	2914	2606	2505	2438	2531	2468	2454	2527	2648	2564	2630	2544	2576	2481	2539	2403	2408	2362	2307	
251	2158	2316	1883	2023	2106	2220	3137	3047	3007	3077	3104	3064	2771	2415	2505	2591	2496	2531	2529	2694	2549	2589	2519	2511	2531	2536	2367	2369	2390	2278	
252	2375	2094	2372	1960	2135	1985	3003	2983	3070	3023	2941	3087	2607	2489	2581	2543	2525	2481	2507	2612	2576	2515	2579	2517	2554	2527	2338	2387	2322	2256	
253	2354	2216	2046	2412	2050	2413	3102	2882	3036	2973	3180	2987	2654	2433	2565	2613	2383	2421	2471	2605	2547	2568	2549	2500	2608	2543	2380	2333	2324	2319	
254	2111	2159	1858	1243	2368	2377	2987	3045	3052	3067	2968	3010	2649	2459	2372	2542	2448	2480	2437	2561	2592	2572	2598	2562	2573	2448	2390	2398	2361	2236	
255	2159	2178	2029	2250	2221	2222	3136	2966	3165	3003	3152	2999	2655	2409	2459	2482	2531	2511	2527	2525	2593	2627	2567	2513	2488	2606	2398	2400	2349	2356	


