0	2.39583	2.02978	2.35372	2.82135	2.4779	2.72029	0	28.9783	52.3559	296.559	27.5362	34.9113	2302.1	3.39117	0	4.72864	2.07364	2.35372	0	2.07364	2.70185	2.95635	2.36643	2.4	0.616441	2.45764	2.31517	2.33666	2.69444	2.12603	
1	2.37487	2.28473	2.51794	1.9799	2.73861	2.32379	0	289.713	145.493	118.972	100.788	185.531	0	2.84605	4.53211	5.36656	1.92873	1.74356	0	2.67955	2.50599	2.85657	2.25832	2.30217	0	3.05287	1.97484	2.10713	1.97484	2.10238	
2	2.55343	2.21811	2.34521	2.66083	2.39165	2.52982	2.4331	2.30651	2.63818	1.94936	2.21359	2.77489	0	2.35372	0	4.60435	2	1.87617	0	2.498	2.90172	2.85657	2.64197	2.92575	0	2.18632	1.86011	2.25832	2.39165	1.772	
3	2.43721	2.33666	2.5807	2.53772	2.05913	2.35372	2.46577	2.13542	2.26274	2.62679	1.94422	2.14476	0	2.76767	0	5.05767	2.07364	1.82209	0.565685	2.44949	2.80357	2.79285	2.8	3.07571	0	2.58457	2.39583	2.5219	2.79643	2.16795	
4	2.4454	2.84253	2.92233	2.30217	2.70924	2.75318	2.77128	2.22261	2.27596	2.37908	3.14006	2.63439	0	3.85746	0	4.91732	2.41247	2.2	0	2.23607	2.49399	2.84605	3.24654	2.61534	14.4395	2.5923	2.61151	2.02485	2.42074	2.27156	
5	2.98998	2.60384	3.0692	2.42487	2.42899	2.46171	2.48998	2.10713	2.67208	2.02978	2.39165	2.42487	1.95448	3.47563	0	4.02741	2.71293	2.24054	0	2.41247	2.60384	2.39583	2.79285	2.81069	0	2.38747	2.30651	2.53377	2.2891	2.20454	
6	2.30217	2.54951	2.31084	2.44131	2.20454	2.32379	2.44949	2.13073	2.75681	2.28035	2.28035	2.57682	1.95959	7.85366	4.78539	1.88149	2.50599	2.23159	0	2.8	2.88791	2.7313	2.56905	2.5807	0.565685	2.90517	2.07846	2.18174	2.0445	2.10238	
7	2.74226	2.47386	2.498	2.46982	2.502	2.63059	2.42487	2.29347	2.3622	1.83303	1.87083	3.11448	2.14942	0	5.11077	2.00499	2.67955	2.63439	0	2.4331	3.26497	2.42899	2.61916	2.64953	0	2.4454	2.08327	2.498	2.42074	2.01494	
8	2.45764	2.53377	2.97321	2.74955	2.61534	2.97993	2.53377	1.95448	2.45764	2.30651	2.30651	2.25389	2.71293	0	4.98397	2.24054	2.01494	2.4779	3.2249	2.76043	3.16544	3.01993	2.96648	2.63439	0	2.93258	1.92354	2.45764	2.28035	1.98494	
9	2.18174	2.02485	2.73496	2.53377	2.56515	2.25389	2.60768	2.71293	2.4331	2.45764	2.09762	2.37487	3.20312	0	5.30471	2.56515	3.00666	2.498	3.21559	2.63439	2.19089	2.84956	2.68328	2.59615	0	2.96648	2.52982	2.25389	2.23607	2.14942	
10	1.90788	2.51396	2.05426	3.00333	2.54558	2.29347	2.94279	2.4779	2.21359	1.73205	1.87617	2.27596	3.34365	4.46766	5.0892	2.61534	3.10805	2.98664	2.83549	2.99333	2.76767	2.94958	2.52587	2.85307	0	2.31517	2.45357	2.48998	2.71662	2.35797	
11	2.58457	2.54558	2.43721	2.19545	2.54951	2.6533	2.72397	1.98997	2.01494	2	2.83196	2.6533	1.82209	10.849	4.91935	2.46577	2.28035	2.24499	2.87054	2.98998	2.68328	2.19545	2.72029	3.10484	2.72764	2.51396	2.24499	2.21359	2.17715	2.28473	
12	3.48425	4.27083	2.54558	2.31084	4.56728	3.82099	2.60384	2.33238	2.45764	2.08806	2.08806	2.54165	2.46982	7.33894	5.89746	1.5748	2.19089	2.60768	2.86356	2.73496	2.73861	2.94279	2.56905	2.83549	2.72764	2.52587	2.38747	2.22711	2.51794	2.11187	
13	4.41362	5.18073	3.11769	3.94715	6.85711	6.2434	2.70924	2.24054	1.93391	2.85307	1.96977	2.48193	2.78927	0	5.37959	2.15407	2.0199	2.24054	2.57294	2.74955	2.96985	3.1209	2.4454	3.35559	2.37908	2.46577	2.35797	2.06398	2.02978	2.40416	
14	4.07185	7.17217	5.54797	5.71489	9.1433	6.34665	2.80713	2.27156	2.96648	1.92873	2.03961	2.30217	2.59615	0	4.18808	2.14476	2.10238	2.75681	2.20907	3.0133	2.76406	2.42899	2.92233	2.80713	2.14942	2.14476	1.92873	2.31517	2.17715	1.93391	
15	7.91075	9.54463	6.72756	5.48999	11.6765	9.01998	4.36807	3.38231	2.35797	2.1166	3.52136	2.72029	2.6	7.28286	4.37493	2.37065	2.37487	2.09284	2.42899	2.58457	2.45764	2.13542	2.57294	2.75318	2.0445	2.40416	2.04939	2.03961	2.10713	1.90788	
16	7.68635	11.643	6.88622	6.20806	14.0968	10.1843	5.29906	4.10122	3.42345	2.81069	4.45646	4.005	2.93258	4.56728	4.87852	2.48596	1.99499	1.79444	2.74591	2.82489	2.87402	2.73861	2.27156	3.21248	2.62298	2.08806	2.51794	2.14476	2.19545	2.07846	
17	10.0658	10.9014	9.67574	8.17068	14.9285	11.6773	4.77074	5.44977	4.38634	4.0025	5.94138	6.29921	3.20936	5.30283	4.44972	2.20907	2.3622	2.41247	2.69072	2.40416	2.64197	2.72764	3.13688	2.71293	2.498	2.26716	2.93939	2.22711	2.24499	1.85472	
18	9.5142	14.1386	9.32523	5.21153	18.0072	12.8732	8.89494	8.29458	7.76659	5.20961	6.70671	5.74804	2.23607	14.7092	4.82079	2.62679	2.4454	2.11187	2.78209	2.69072	2.62298	2.69072	2.70185	2.53377	2.5807	2.12603	2.5807	1.86548	2.03961	2.86705	
19	11.7618	12.8055	6.64078	6.45291	17.4568	12.3709	9.39468	12.3037	6.22736	5.18266	11.7771	7.97496	1.84391	12.8895	4.70532	1.92354	1.74356	2.21359	2.22261	2.70185	3.20624	2.75318	2.72397	2.48193	2.39165	2.26274	3.39117	2.34094	1.84391	2.55734	
20	12.1367	15.4784	7.02567	5.08724	17.6862	13.1666	12.6444	11.9457	4.84768	4.96588	12.6768	11.0336	2.37908	4.35201	4.58039	1.85472	2.31084	2.35372	2.97993	3.08221	2.74591	2.36643	2.53772	3.52136	2.73496	1.98494	2.34521	2.06882	2.31084	2.15407	
21	11.7695	15.7734	4.50111	4.58694	18.3995	13.4729	12.8304	12.6515	7.81281	5.55878	16.6769	10.8646	2.34521	6.96994	4.49889	2.51396	2.19545	1.96469	3.36749	3.17805	2.92233	2.70555	3.35261	3.26497	2.76043	2.36643	2.51794	2.19545	1.68523	1.9799	
22	11.3877	12.298	6.33246	4.38406	15.4635	12.6862	13.156	14.1577	5.43323	2.74591	14.089	12.6681	2.18174	5.08527	4.00999	2.24944	2.16333	2.26716	4.73075	4.44522	3.54119	3.44093	4.29884	4.08901	2.33238	2.39165	2.46171	2.09762	2.28035	2.26274	
23	9.82446	11.7941	4.02741	2.16795	12.1926	11.0381	13.175	13.1598	2.74226	3.88072	13.1453	14.3255	2.91548	5.07937	4.61086	2.16333	3.16544	3.17175	5.02394	5.73411	4.58694	4.27785	5.10098	4.71805	2.2	1.96977	2.33666	2.08806	2.26274	2.54558	
24	2.02485	2.24944	2.8178	2.71662	3.68782	10.0449	14.1457	16.6547	3.30454	2.8178	15.6697	14.5265	3.41174	8.49706	5.90254	3.48138	3.16228	3.67696	6.2546	6.9455	6.83667	6.95701	6.1563	5.41849	2.60384	2.14476	2.00998	2.22261	1.91833	2.19545	
25	2.28035	2.56125	2.08806	2.37487	2.28473	2.02485	12.9707	13.6154	4.88057	2.69815	15.8524	13.5934	3.54683	11.9666	9.12907	5.57136	4.31045	3.77094	9.55406	10.4365	6.0663	6.67533	10.8046	6.96132	2.88444	2.20907	2.48596	2.23159	2.39583	2.26716	
26	2.46982	2.21811	2.45764	2.3622	2.2	2.39583	8.70862	12.8662	3.1273	3.54119	11.1669	12.2882	5.91608	10.4106	10.529	6.87605	6.30397	5.1614	11.6043	13.0369	7.20278	5.88727	10.4087	10.8628	2.40416	2.24944	2.64575	2.34947	2.30651	2.03961	
27	2.37487	2.11187	2.4331	2.43721	2.4	2.20907	8.40714	11.3877	3.26497	1.84391	10.1459	8.19024	7.7846	0.905538	13.1225	5.32165	9.7591	7.79872	12.3061	14.0968	8.06846	8.0697	13.8571	12.5618	2.71293	2.76767	3.03315	2.45764	2.37487	2.37487	
28	1.9799	2.69444	2.61151	2.28473	2.56125	2.06882	2.56515	2.43721	3.82099	1.82757	2.81069	2.4454	9.01332	0	13.7506	4.57821	12.0673	9.01998	12.7475	15.9975	4.83942	5.24404	14.733	13.1856	4.36807	3.33766	3.04959	2.76406	3.4	3.1273	
29	2.33666	1.84391	2.40832	2.40416	1.91833	2	2.82843	1.90263	2.54558	2.46171	2.37065	2.1166	10.4843	0	15.4467	3.40881	12.5889	9.10714	14.5877	14.9787	6.11392	4.08167	15.6633	12.5754	4.61519	4.17852	2.66083	2.38747	4.2638	5.2	
30	2.24054	2.07364	2.56125	2.40416	2.24499	2.54165	2.26716	2.10713	2.40416	1.98494	2.06882	2.0347	9.80204	0	18.49	3.60278	11.2597	10.6658	14.4644	15.8638	4.82701	3.45254	14.3833	13.0161	4.5607	4.73709	4.02244	4.83735	4.44747	4.34741	
31	2.86007	2.38747	2.12132	2.56125	2.62679	2.37908	2.26274	1.93907	2.72397	2.14009	2.11187	2.58844	8.46758	0	18.3499	4.69894	10.1872	9.44669	12.2033	13.1742	4.63033	5.95819	13.4981	13.4818	5.65155	5.34041	6.86149	6.7082	5.72364	4.32897	
32	2.10238	2.39165	2.61916	2.54558	2.31517	2.42074	2.7313	2.13542	2.54165	1.8868	2.26716	2.74955	9.3488	8.96883	19.0011	5.52811	11.3965	10.6555	11.8347	12.6111	5.26878	4.8	11.4926	11.1346	7.39865	8.91628	8.01623	6.66333	9.7949	8.0025	
33	2.40416	2.31948	2.05913	2.05913	2.14009	2.73861	2.84605	2.10238	1.84391	1.67332	2.32809	2.3622	9.56243	0	19.073	3.36749	11.5265	10.4528	10.6	11.1615	3.58608	4.05709	9.87623	9.38083	8.79886	11.0869	8.63134	5.82752	11.9825	9.26067	
34	2.69815	1.92873	2.24499	2.13542	2.24054	2.17256	2.3622	1.95959	2.18174	1.95959	2.52587	2.24054	8.81476	23.0017	13.6799	3.67423	10.6611	10.2733	2.53772	2.78927	3.31964	3.02655	7.31437	7.23464	11.2241	12.7224	9.51105	6.65883	13.3372	9	
35	2.26274	2.77849	1.98494	2.07846	2.24944	2.01494	2.59615	2.30651	2.26716	1.69706	2.51794	2.0445	8.5276	0	12.9221	2.32809	10.2078	9.94183	2.66458	2.6	2.46171	2.0347	2.44131	2.89482	12.2564	13.3611	9.21737	5.90424	12.9414	9.55406	
36	2.46171	1.8	2.18174	2.34094	2.43721	2.54951	2.76043	2.14942	1.77764	2.24054	2.23159	2.18174	2.26716	7.78075	4.72864	2.04939	2.14009	2.11187	2.41661	2.97993	2.37065	2.30651	2.72764	2.70185	11.3199	12.4354	7.17217	6.60606	15.0353	12.7295	
37	2.78209	2.07846	2.38328	2.32379	2.17715	2.33666	2.50599	2.20454	1.94422	1.95448	2.87054	1.93907	2.19545	0	4.33128	2.10713	1.95448	2.23159	2.96985	2.8178	2.19545	2.56515	2.86356	2.92575	10.9389	14.5705	7.63937	5.86686	12.657	12.3183	
38	2.46982	2.12132	2.4	2.00998	2.42899	2.09284	2.67955	1.87617	2.72397	2.57682	2.31084	2.21811	2.38328	5.50999	4.2332	1.99499	1.70294	2.34094	2.34094	2.85657	2.34947	2.55343	3.2218	2.84605	12.1565	13.6667	6.19354	4.219	14.4208	13.6675	
39	2.05426	2.20454	1.89209	2.26716	2.27156	2.67582	2.83196	2.21359	2.49399	2.60768	1.94936	2.49399	1.86548	0	4.61086	2.15407	2.08327	2.20907	2.62298	2.67208	2.2891	2.67582	3.25576	3.37046	10.4757	12.059	4.17612	4.52769	12.1885	10.7972	
40	2.08806	2.53772	1.84391	2.2	2.70555	2.31084	2.54558	1.78885	1.60624	2.0199	2.1587	2.14942	1.92873	12.5865	4.36807	2.02485	1.87083	2.23607	2.82135	2.37487	2.90517	2.68701	2.86705	2.81425	9.3188	9.89242	3.6	3.82361	11.6816	9.77036	
41	2.48193	2.27156	2.64197	2.4331	2.46982	2.4454	2.70924	1.95959	2.25832	2.28035	2.12132	2.10238	1.50333	7.58815	3.98497	1.92354	1.95959	2.06882	2.40416	2.70185	2.75681	2.55343	3.01662	2.95296	5.89746	6.23859	2.37908	2.29783	5.10686	7.11899	
42	2.9189	1.86548	2.53377	2.498	2.24499	2.30651	2.52982	2.24944	2.50998	1.83848	1.69115	2.31517	2.47386	4.94975	4.71169	2.4454	1.64317	2.09762	2.72029	2.88097	3.19061	2.65707	2.60768	3.03974	2.52982	2.06398	2.70555	2.2891	2.13542	1.84932	
43	2.02485	2.46982	2.40832	2.30651	2.65707	2.32379	3.23419	2.52982	2.31517	1.90263	2.26716	2.32809	2.2	8.90506	4.36578	2.33238	2.26274	2.70924	2.80713	2.8	2.99333	2.26716	2.54558	3.1496	2.37908	1.8868	2.39165	2.31517	2.09284	1.49666	
44	2.57294	2.24499	1.84932	2.6	2.4779	2.19545	2.70555	2.34521	2.58844	2.14476	2.12603	2.54558	2.37908	9.13893	4.60652	2.15407	2.25389	2.1166	2.59615	2.72029	2.88444	2.78568	2.66458	2.92916	2.37065	1.91833	2.03961	2.87054	2.14942	2.73861	
45	2.13542	2.05913	2.30651	2.45357	1.83848	2.73861	3.2619	2.00998	2.24054	2.11187	1.92354	3.2218	2.2891	2.63818	4.14005	2.18632	1.76068	2.45357	2.79643	2.55343	2.69444	2.64197	2.502	3.15278	2.4454	2.34947	1.95448	2.44949	2.24054	2.62679	
46	2.1166	2.38747	1.97484	2.14009	2.40416	1.78885	2.24944	2.45357	2.51396	1.6	1.772	2.79285	2.31517	4.45421	4.63033	2.25389	2.18174	2.33238	2.39165	2.64197	2.7313	2.58457	2.40416	2.80357	2.55734	1.98494	2.10238	2.31948	1.87617	1.87083	
47	2.75318	2.54165	2.08327	2.38747	2.23159	1.97484	2.47386	2.5923	1.98494	2.81425	2.44131	2.16333	2.4454	4.63681	4.34511	1.85472	2.25832	2.4	2.64953	2.63439	2.3622	2.54951	2.10238	2.74955	2.07364	2.0347	2.17715	2.23607	2.1166	2.03961	
48	2.11187	1.96469	2.17256	2.26274	2.45764	2.37065	3.20624	2.21811	2.08327	1.54272	2.0347	3.1273	2.09284	4.38406	4.55192	2.20907	2.12132	2.07846	2.89137	2.63818	2.64197	2.32379	2.70924	2.75318	2.65707	2.16795	2.09284	2.02485	2.10238	2.38747	
49	2.37487	2.43721	2.33238	2.42074	2.43721	2.07364	2.6	2.61916	2	1.75499	1.83303	2.58457	2.09284	6.72161	4.75395	2.07364	2.26716	2.22261	2.30217	2.90517	3.14006	2.56905	2.46982	2.67955	2.57682	1.76068	2.37065	2.0347	2.21811	2.07364	
50	2.39583	2.15407	2.29783	2.24944	2.63818	2.50599	2.29347	2.08327	2.23607	1.93391	1.81108	2.34947	2.05913	14.9539	4.90917	2.31517	2.17256	2.72764	2.68328	2.79285	2.502	2.32379	2.88444	2.76043	2.16333	2.07364	2.16795	2.66083	2.4779	2.37487	
51	2.11187	2.65707	2.2891	1.95448	2.02485	2.1166	2.60768	2.13542	2.77489	2.15407	1.772	2.35372	1.95448	8.15966	4.3589	2.27156	2.13073	2.21811	2.17256	2.4331	2.45357	2.56905	2.22261	2.25389	2.46171	1.92354	2.27596	2.29783	2.16795	2.39165	
52	1.99499	2.83549	1.89209	2.60384	2.21811	2.14476	2.41247	2.6533	1.93391	2.96985	2.29347	2.36643	2.0347	6.37966	4.36578	2.02978	1.89209	2.06882	2.60768	2.44131	2.61916	2.32379	2.52587	2.67208	2.67208	2	2.30217	2.0445	2.21359	2.06882	
53	2.70185	1.95448	2	2.15407	2.04939	2.41661	2.50599	2.0445	2.40416	2.37908	2.77489	2.64953	1.93907	4.92341	4.31741	2.17256	2.13073	2.25389	2.57294	2.78927	3.06268	2.49399	2.51794	2.71662	2.20454	2.30217	2.33238	2.27156	2.5219	2.22711	
54	2.24054	2.34094	2.98329	2.28035	2.0199	2.42899	2.61534	2.27156	2.51396	2.56125	1.78885	2.05913	2.08806	0	4.84768	1.95448	2.1587	2.27596	2.48998	2.56515	2.56515	2.63439	2.72764	2.61534	2.27596	2.1166	2.37065	2.22261	1.91311	2.18174	
55	2.51794	2.9189	1.92354	2.1587	2.33666	2.32809	2.56125	1.96469	2.23607	1.78885	2.21811	2.20454	2.21359	4.27551	4.61086	2.15407	1.94422	2.06398	2.41247	2.44949	2.62679	2.49399	2.77489	3.01993	2.19089	1.87083	2.10713	2.17256	2.17715	2.10238	
56	2.19545	2.25389	2.42074	2.27596	2.35797	2.52982	2.72029	2.30217	2.13073	2.0347	2.45357	2.15407	1.85472	0	5.38702	2.11187	2.34094	2.15407	3.27719	2.77128	2.74591	2.60768	2.59615	2.83901	2.85657	2.22711	2.07846	2.1166	2.05913	2.40832	
57	2.48193	2.02485	2.99333	2.04939	2.24499	2.06398	2.66458	1.8	2.70185	2.30651	1.86011	2.09762	2.2	4.52769	5.57853	2.32809	1.9799	2.25389	2.97658	2.93939	2.92916	3.11448	2.88097	2.8	2.8775	2.1587	2.50599	2.5923	2.25389	2.19545	
58	2.32379	1.8868	2.72029	1.96469	2.0445	2.31948	2.74226	1.86011	2.06398	2.54558	2.0445	2.12132	2.18174	2.69815	4.36119	2.0199	2.32379	2.4	2.86356	2.74226	2.31517	2.6533	2.40832	2.98998	2.56125	2.45357	2.21811	2.20454	2.45357	2.14009	
59	2.39583	2.34521	2.43721	2.80357	2.18174	2.37487	3.70405	2.46577	3.20624	2.39583	2.41661	2.39165	2.23159	0	4.2	2.34521	2.23607	2.06882	2.83549	3.01662	2.63439	2.71293	2.31948	3.01662	2.95635	1.89209	2.18174	2	2.4779	2.30651	
60	2.34947	2.46982	2.56515	1.9799	2.42074	2.51396	2.25832	2.17256	2.84956	2.04939	2.0199	2.0199	2.20454	6.21932	4.53872	2.20454	2.19545	2.11187	2.86007	2.46982	3.09193	2.35797	2.17715	2.46171	2.56515	1.86548	2.29783	2.34521	1.73205	2.72764	
61	2.7313	2.22711	2.17256	2.00998	2.27596	2.24054	2.63059	2.42487	2.46171	2.69072	2.56905	2.08327	1.91833	0	4.11825	2.21811	1.7088	1.94936	2.93598	2.36643	2.54165	2.8178	2.83901	2.89828	2.42074	2.45764	2.42487	2.36643	2.07364	1.94422	
62	2.10713	2.80357	2.07846	2.22711	2.31084	2.29783	3.34365	2.36643	2.5923	2.28035	2.42487	2.26716	2.23159	7.44043	4.7833	2.14476	2.11187	2.2	3.1749	3.03974	2.70555	2.55734	2.67955	2.22261	2.6533	2.23159	2.31084	2.22261	2.07846	2.1166	
63	2.46577	2.21811	2.13073	2.57294	2.26716	2.50998	2.81069	2.2	1.98494	2.64575	2.44949	2.67208	2.28035	6.02827	4.61086	2.32379	1.97484	2.11187	2.3622	2.66083	2.51396	2.72764	2.91204	2.76406	3.49857	2.66083	2.6	2.1587	2.39583	1.75499	
64	2.37065	2.21359	2.25832	2.502	1.99499	2.40416	3.10805	2.54165	2.4454	1.73781	2.49399	2.46577	2.23159	3.92173	4.34281	2	2.2891	1.92354	2.80357	3.01662	2.94958	2.53772	2.35797	2.98664	3.14006	2.76406	2.41661	2.84253	2.2891	2.19089	
65	2.48596	2.16333	2.66458	2.24499	2.20454	2.30651	3.15595	2.78209	2.33666	2.25832	2.12603	2.11187	1.98494	0	4.21189	1.89737	2.18174	2.27156	3.44093	2.99333	2.95296	2.30651	2.33238	2.8178	2.7313	2.21359	2.25832	2.17715	1.75499	2.32809	
66	2.46171	2.21359	2.31084	2.24499	2.25389	2.37065	3.10805	2.27596	2.06882	2.46577	1.92873	2.53772	2.17715	16.5106	5.21536	2.00998	2.0199	1.92873	3.04631	2.88097	2.38328	2.59615	2.78927	2.75318	2.2	2.23607	2.4	2.502	2.19089	2.21811	
67	2.21811	2.0347	2.34094	2.40832	1.88149	2.53377	2.76043	2.1166	2.04939	1.772	1.63095	3.1496	1.86548	3.82884	4.25206	1.86011	2.19089	1.86548	3.02985	3.00666	3.19374	2.84956	3.14325	2.77128	2.64197	1.82757	2.20454	2.00499	2.07846	2.33666	
68	2.502	2.36643	2.25389	2.72397	2.29783	2.74226	3.31964	2.24944	2.498	1.99499	2.10713	2.06398	1.92873	6.16928	4.52548	1.87083	1.94936	2.02978	2.70924	2.95635	2.28035	2.33238	2.77849	3.34963	2.34094	2.18632	2.14476	2.29347	2.18174	2.28035	
69	2.24054	2.21811	2.19089	2.07846	2.46577	2.59615	2.64575	2.56515	2.17715	2.2891	2.2891	2.38747	2.18632	0	4.21426	2.21811	1.6	2.40416	2.78927	2.31084	2.61916	2.59615	2.71662	3.45254	3.05614	2.25832	1.95959	1.83303	2.20454	2.55343	
70	2.35797	1.63095	2.0347	2.11187	2.60384	2.24944	3.5242	2.64575	2.26716	1.89209	2.84605	2.59615	1.98997	12.005	4.8949	1.90788	2.14009	2.40832	3.11127	2.96311	2.62298	1.97484	2.86705	2.68701	2.78209	2.54558	2.14009	1.91311	2.17715	2.54951	
71	2.30217	2.44949	2.498	2.13073	2.06882	2.30651	3.40294	2.8	2.74591	1.98997	2.96648	2.54165	2.33666	0	4.12311	1.92873	2.22711	2.30651	2.63059	2.78568	2.53772	2.07846	2.18632	2.70555	2.4779	2.40416	2.48998	2.52587	2.06398	2.2	
72	2.42074	2.0199	2.48596	2.80357	2.08327	2.56515	2.58457	1.9799	2.17256	2.25389	3.10805	2.4331	2.25389	0	4.78957	1.83303	1.86548	2.26716	2.98329	2.61916	2.6	2.29783	2.62298	2.70924	2.63439	2.50599	2.26716	2.76767	2.46171	2.2	
73	2.24499	2.21359	2.37908	2.68701	2.27156	2.68701	2.44949	2.42074	2.39165	2.44949	2.66833	2.51396	1.93907	5.30848	5.55158	1.79444	2.1166	2.64953	2.5923	2.49399	2.5219	2.4	1.96977	2.77849	2.91204	1.89209	2.08327	2.24054	2.14942	2.50599	
74	2.24054	2.12603	2.23159	2.46982	1.772	2.05913	2.96311	2.99666	2.63059	2.19089	2.05426	2.44949	1.96977	0	4.32897	2.30651	2.07846	2.31948	3.00333	2.58457	2.55734	3.09839	2.73861	3.20624	3.38526	2.48998	2.13073	2.42487	2.25832	2.09762	
75	2.50599	2.38747	2.06882	2.46577	2.21359	2.41661	2.42487	2.8775	2.67582	2.43721	2.05426	2.93598	1.68523	5.17107	4.50777	1.92873	2.31517	2.47386	3.04959	2.64953	2.80357	2.68701	2.52982	3.85746	3.13369	2.58457	2.54558	2.23607	1.98997	1.9799	
76	2.12603	2.18174	2.10238	2	2.37065	2.15407	3.00998	2.38747	2.55343	1.91311	1.83303	2.24499	1.93907	7.71362	4.38178	2.31948	2.07846	1.96977	2.59615	2.6533	2.84956	2.40416	2.66833	3.05287	2.23607	2.74955	2.44949	2.34521	2.35797	2.22261	
77	2.48596	2.32809	2.54951	2.06398	2.05913	2.24054	3.27719	3.15911	2.42074	2.0199	2.1166	2.27596	2.33666	7.74597	4.23556	2.34521	2.09284	1.97484	2.3622	2.55734	2.77849	2.98329	2.50998	2.86007	3.00666	2.14942	2.34521	2.41661	2.22711	2.38328	
78	2.63818	2.48998	2.37065	2.70924	2.07364	2.2891	3.72827	2.74226	2	2.28473	2.29347	2.41247	1.772	13.3701	5.29906	1.86548	2.56905	2.21359	2.46982	3.0692	3.01993	2.9189	2.85657	2.83549	3	2.28035	2.00998	2.35372	2.11187	2.46577	
79	2.02485	2.10713	2.12132	2.4331	2.38328	2.33238	2.84253	2.3622	2.88791	2.33666	2.23607	2.56515	2.48998	0	4.05709	1.90788	2.02978	2.02978	3.07571	3.14643	2.74226	2.11187	2.58844	2.63059	2.70185	2.66458	2.63439	2.32809	2.56905	2.33666	
80	2.09284	2.29347	2.40832	2.37487	2.14009	2.44131	3.62767	2.31517	2.24054	1.51658	2.14009	2.35797	2.27156	2	5.33479	2.01494	2.04939	2.31084	2.36643	3.16228	2.66833	2.9189	2.48596	2.4779	2.72764	2.44131	2.28035	2.19089	2.17256	2.33666	
81	2.37065	2.30651	2.49399	2.17715	2.25832	2.46982	3.50143	2.50998	2.54558	2.14942	2.29783	2.5923	2.67582	4.40454	4.54973	2.28473	2.05426	2.33238	2.59615	2.63059	2.43721	2.6	2.76767	2.94618	2.8178	2.37487	2.42899	2.07846	2.12132	1.91833	
82	2.50599	2.86356	2.15407	2.31517	2.60384	2.69815	2.53772	2.10238	2.32379	2.11187	1.90788	2.33238	2.15407	0	4.66262	2.14942	2.00499	2.31948	2.81069	2.77489	2.4	2.26274	2.17715	2.89828	2.64197	2.01494	2.34094	2.05426	2.13073	1.90788	
83	2.46171	2.49399	2.6533	1.82209	1.93391	2.20907	2.93258	2.5219	2.54951	2	1.87083	2.60768	1.90263	0	4.75605	2.10238	2.21359	2.10238	2.4331	2.90517	2.24054	2.52982	2.54165	2.64953	2.6533	2.09284	2.22711	2.35372	2.26716	2.4331	
84	2.38747	2.27596	1.95959	2.13542	1.60624	2.32809	3.52136	2.27596	2.32379	2.58844	2.53377	2.64575	1.96469	4.18091	4.66047	2.46982	2.10713	2.24499	2.59615	2.50599	2.70555	2.502	2.64197	2.89828	2.63059	2.42487	2.29783	1.9799	2.33238	2.94958	
85	2.47386	1.98997	2.09284	1.82209	2.23159	2.74591	3.25269	2.34094	2.10713	1.82757	2.17715	2.5219	2.09762	4.7244	4.30813	1.59374	2.42487	2.1166	2.93939	2.09762	2.70555	2.55343	2.41247	2.79643	3.38526	2.57682	2.5923	2.38328	2.41247	2.32379	
86	2.46982	2.10713	2.24944	2.00998	2.14009	2.24054	2.62298	2.48193	2.54165	2.13073	2.62679	2.78209	2.18174	0.565685	4.38634	1.89209	1.87083	2.35797	2.48998	2.79285	2.91204	2.66083	2.77489	2.49399	3.4641	2.5923	2.50599	2.69815	2.21811	2.61534	
87	3.05287	2.31084	2.41661	2.42487	2.71662	2.21811	2.42487	1.90263	2.24944	2.08327	2.80713	2.42487	2.06398	6.55286	3.95474	2.08327	1.74356	1.93907	2.96985	3.04302	2.8	2.34947	2.5807	3.48712	3.13688	2.42899	2.33238	2.48998	2.14009	2.29783	
88	2.39165	2.31517	2.09762	2.32379	2.29347	2.08327	2.52587	2.52587	2.31084	1.94422	2.10238	3.27414	2.40832	0.282843	4.45421	2.09284	1.83848	2.10238	2.70924	2.86007	2.24499	2.44131	2.34521	2.48193	2.52587	2.34947	2.61151	2.20907	1.92354	2.05426	
89	2.45764	2.21359	2.21359	2.69444	2.35372	2.00998	2.72764	2.66083	2.84605	1.78885	2.16795	2.91548	2.64197	5.84637	4.82908	2.02485	2.12603	1.9799	2.31517	2.49399	2.77489	2.67955	2.57682	2.84605	2.5219	2.06398	2.24054	2.32379	2.30651	2.33238	
90	2.32379	2.28035	2.46982	1.84932	2.58457	2.41247	3.19374	2.17715	1.92873	1.86548	2.54558	2.45357	4.08901	0	4.45421	1.95959	2.0199	1.89737	2.23607	3.01662	2.70924	2.6	2.8178	3.09516	3.03974	2.34094	2.12603	2.22261	2.35797	2.16333	
91	3.02985	2.27156	2.13073	1.8868	2.45764	2.28035	2.76043	2.10713	2.55734	2.31948	2.01494	2.10713	2.58844	0	4.66047	1.79444	1.72627	2.01494	2.61534	2.56905	2.49399	2.50599	2.40416	2.74955	2.46577	2.18174	2.41247	2.25389	2.09284	2.5807	
92	2.38328	2.4	2.28035	2.05913	2.17256	2.15407	2.57294	2.21359	2.34947	2.94958	2	2.2	2.39165	8.08455	5.004	1.96469	1.81108	2.42899	2.18632	2.84253	2.74591	2.93258	2.86007	2.92233	2.61916	2.37065	2.77849	2.06398	2.02978	2.48193	
93	2.72397	2.502	2.48596	1.96469	2.1587	2.32379	3.09839	2.67582	2.37487	2.07846	2.37487	2.53377	2.96648	0	4.53652	2.34521	1.89209	2.20907	3	2.7313	2.32809	2.72397	2.62298	2.68328	2.78209	2.31948	2.34521	2.66458	2.01494	2.49399	
94	2.77489	2.93939	2.24944	2.39165	2.39583	2.32809	3	2.31084	2.45764	2.54558	2.06882	2.34947	1.99499	2.5923	4.61736	1.99499	1.92873	2.14476	2.53377	2.6533	2.11187	2.57294	3.08221	2.92233	3.10805	2.60768	2.91204	2.54558	2.00499	2.10238	
95	2.69815	2.21359	2.60768	2.14009	2.00499	2.50599	2.79285	2.22711	2.13542	2.07846	1.66733	2.23159	2.6	10.3508	5.17494	2.29347	1.76635	2.14009	2.43721	2.98998	2.52982	2.55343	2.91204	2.4331	2.98998	2.51396	2.61151	2.05426	2.28473	2.78927	
96	2.58457	2.498	2.31084	2.20907	2.47386	2.46171	3.18434	2.61916	2.37065	2.36643	2.52587	2.61534	3.2	8.92076	4.79166	2.20454	1.61864	2.18174	2.53377	2.5807	2.93598	2.70924	2.38328	3.14325	2.4	2.17715	2.22711	2.18174	2.77489	2.498	
97	2.90517	2.4779	2.83901	2.46577	2.56125	2.24499	2.68701	2.48596	2.81425	1.82209	2.56515	2.4779	2.5219	7.62627	4.16173	2.54558	2.41247	2.62679	2.64575	2.85657	3.2187	2.49399	2.42899	2.92916	2.72029	2.27156	1.97484	2.08806	2.06882	2.07364	
98	3.01993	2.6533	3.08869	2.24944	2.31084	2.74591	2.90517	2.43721	2.62679	2.08806	2.54558	2.12132	2.19545	7.37157	4.74974	1.8868	2.19545	2.10238	3.06268	2.94279	2.90517	2.83901	2.82489	3.20624	2.44949	2.34094	2.49399	2.34521	2.44949	2.62679	
99	2.60384	3.01993	2.96648	2.4454	2.50998	2.48596	2.94618	3.17175	2.15407	1.93907	2.1166	2.66083	2.78209	11.1669	4.47437	2.14942	2.25389	2.73496	2.48596	2.81069	2.56125	2.60768	2.7313	2.56515	2.61151	2.06398	2.72764	2.05426	2.67955	2.20454	
100	2.94958	3.17175	3.24037	2.87402	2.24944	2.4779	3.29545	2.28473	2.37908	2.10713	2.55734	2.08327	3.35261	6.7897	4.79166	2.32379	2.14009	1.63095	2.44949	3.02324	2.82489	2.61916	2.35372	2.88097	2.67955	2.16333	2.18632	2.18174	2.13073	2.27596	
101	3.61663	3.08869	3.8833	2.5923	2.46982	2.41247	3.02985	2.41661	2.50599	2.66833	1.92873	2.18632	2.57682	4.24971	4.74342	2.51396	2.4331	2.05913	2.87054	2.26274	2.63439	2.96985	2.24499	2.76043	2.52587	2.07364	2.3622	2.71293	2.1587	2.16795	
102	4.05463	3.36749	3.45543	2.5219	2.84605	2.96985	2.91548	2.71293	2.96985	2.42487	2.61151	2.09284	2.23607	3.43802	4.15211	1.95959	2.10713	2.11187	2.49399	3	2.54558	2.63439	2.40416	2.80713	3.25576	1.95959	2.47386	2.48596	2.55734	2.10238	
103	3.64692	2.82843	3.71214	3.2218	3.07246	3.25576	3.59722	3.35857	3.15911	2.1587	2.38328	3.09839	2.83901	4.96387	4.76445	1.92873	1.92873	2.21811	2.74955	2.90172	2.5923	2.82843	2.8775	3.06594	2.38747	2.05913	2.37908	2.65707	2.58457	2.86705	
104	2.91548	3.30151	3.11769	2.64953	3.02655	3.64417	3.1749	2.69072	2.58844	2.66833	3.27414	2.58457	3.49571	8.97886	4.96185	2.14942	1.80555	1.86011	2.83196	2.7313	2.79643	2.56125	2.41661	3.03645	2.70555	2.24944	2.70555	2.75318	2.44131	2.76767	
105	3.18434	3.33167	3.32566	2.44949	2.55734	3.80789	2.66083	2.94279	2.62298	2.23607	2.95973	2.6	2.95973	0	4.66262	1.84932	1.8	2.38328	3.25269	3.73898	3.26497	2.71293	3.25883	3.63593	2.88444	2.46577	2.71293	2.70555	2.44949	2.38328	
106	3.0133	3.32265	3.1273	2.47386	3.80789	2.94958	3.47563	2.46982	2.5807	2.4	3.49571	2.64953	2.99666	6.3498	4.65618	2.2	2.18174	2.4454	3.82884	4.09634	3.10161	3.47563	2.97658	3.25883	2.72764	2.44949	2.39583	2.27156	3.03645	2.59615	
107	3.01662	3.42053	2.97321	3.18748	4.74552	3.50999	3.37639	2.69072	2.30651	2.20454	3.1273	2.37065	2.73861	8.26438	4.994	1.93391	2.33238	1.95959	2.83901	3.40588	3.18119	2.82135	2.95635	3.17175	2.62679	2.58844	2.2891	2.40832	2.39583	1.98494	
108	3.53836	3	3.44964	2.59615	3.79473	3.94462	2.66083	2.71662	2.27156	2.13542	3.4	2.27156	2.71293	10.5167	4.92544	2.12132	1.68523	2.42899	3.24654	3.10805	2.5923	2.56515	3.2311	3.2311	3.1241	2.72397	3.26497	2.64197	3.20936	2.88097	
109	3.27719	3.00998	3.10484	2.55343	3.61109	3.25576	3.10484	2.27156	2.11187	2.39583	2.75681	2.64953	2.3622	5.69737	4.51885	2.77849	2.32809	2.97321	2.69815	3.07896	3.08221	2.30651	2.44131	2.95635	3.59444	3.56931	3.68511	3.45254	3.72827	3.995	
110	2.33238	2.6533	3.34066	2.06398	3.34963	3.24345	3.30454	2.52982	2.26716	2.32809	2.50998	2.4	2.51794	0	4.60217	2.22261	2.56125	3.2187	2.67582	3.15278	2.78568	2.59615	2.71293	3.20312	3.91408	4.14488	3.2187	3.38821	3.0692	3.05614	
111	2.67582	2.57294	2.70185	2.67955	3.53836	3.63868	2.56515	2.96985	2.20907	1.81659	2.9189	2.97658	3.747	13.1095	4.30116	2.23159	2.56515	2.64953	3.61109	3.30757	3.10805	2.78568	3.04959	3.13688	3.94208	4.21426	3.77624	2.83901	3.56371	3.67696	
112	2.54558	2.92233	2.61151	2.00998	3.04959	3.19687	2.62298	2.27596	2.12603	2.24054	2.67582	2.58457	3.6606	16.9876	4.58694	2.1587	2.66833	2.92916	3.63868	3.31059	3.18434	2.32379	3.50428	3.85487	4.14246	4.98397	3.95221	4.14246	4.77074	4.24971	
113	2.12132	2.68328	2.43721	2.89828	3.52704	3.56651	2.72029	1.95959	2.26274	2.03961	2.83196	1.91833	2.64953	6.4467	4.98197	1.92354	2.27596	2.53377	2.83196	2.96648	2.90172	3.0692	3.26803	3.64692	3.67967	4.50999	3.76032	4.03237	4.38406	4.19047	
114	2.50599	2.09762	2.81069	2.56905	2.88097	3.50143	3.52136	2.30651	2.06882	2.45764	1.77764	2.40832	2.83901	5.02394	4.83322	1.78885	2.10713	2.33666	4.05463	3.50714	2.97993	3.1273	3.01993	2.97993	3.91918	4.20951	4.245	3.76298	3.69324	3.9064	
115	2.26716	2.82843	1.99499	2.58457	2.88097	2.75681	2.97321	2.06882	2.21359	2.18632	2.37908	2.41247	2.80357	4.79166	4.97594	1.93907	2.61534	2.52982	3.65787	3.34066	2.79643	2.4454	2.70185	3.27719	3.79473	3.65787	3.65513	3.37935	3.35857	4.20476	
116	2.18174	2.28473	2.39583	2.74226	3.07246	2.94279	2.81425	2.0445	1.97484	2.00499	1.86548	2.18174	2.6	0	4.31045	2.25389	2.40416	2.12603	3.11769	2.51794	2.50998	2.46982	2.67208	3.09193	3.87556	3.31361	3.68782	2.70185	2.72029	3.26803	
117	3.54965	3.13369	2.34947	2.89482	2.92575	2.85307	2.48596	1.93391	2.06882	2.34947	2.53377	2.18174	2.4331	0	5.28961	1.94936	2.28473	2.07364	3.15911	3.21248	2.69072	2.4779	2.45764	3.45543	3.94208	3.1241	3.59444	3.24345	2.85307	3.16544	
118	4.72652	3.62767	2.69444	2.98998	4.52327	4.3566	2.50599	2.4779	2.13542	1.86011	1.90263	2.58457	2.80357	0	4.32897	2.0199	2.13542	2.502	3.17175	3.32566	2.85657	2.502	2.87402	3.38526	2.94618	2.79643	3.0133	2.76043	2.41247	2.4779	
119	5.67098	4.83115	3.9064	4.21426	7.21249	5.76021	3.1496	2.45357	2.16333	2.1587	2.24054	1.86011	2.92916	3.65787	4.9051	2.29783	2.18174	2.51794	2.90861	2.83901	3.20312	2.88791	2.63818	2.67582	3.51852	2.80713	2.82489	2.32809	2.69072	3.0133	
120	8.32346	9.86306	5.97829	4.28252	13.0645	8.7178	3.2187	3.76032	2.0347	1.90263	3.25883	3.15911	2.27596	0	5.04381	2.24944	2.55343	2.98664	3.03315	2.8	2.77849	3.40294	2.54558	3.01662	3.06268	2.57294	2.7313	2.10713	2.37487	2.2891	
121	11.3816	11.8372	8.0287	5.01597	15.1974	10.5679	5.22877	5.75326	3.08869	3.68511	4.27317	5.70964	2.60384	4.96185	4.96185	1.64924	2.3622	2.78209	2.74226	2.7313	3.2218	2.5807	2.66458	3.53553	2.54951	2.44949	2.502	2.07364	2.4	2.60384	
122	13.1826	14.2681	4.56289	3.92938	15.5769	13.0177	7.21249	7.71362	4.66047	3.44964	8.74757	8.2801	2.56515	0	4.56508	1.72627	2.44949	2.44131	2.69444	2.71662	3.2218	2.41247	2.84253	3.08221	2.89137	2.5219	2.66083	2.40832	2.54558	2.7313	
123	11.2178	12.6428	5.10686	4.34741	15.6882	13.178	9.7355	12.1934	4.97795	4.34051	11.192	9.4541	2.73496	4.92341	4.66905	2.22711	2.14009	2.09284	2.7313	2.61151	2.98664	2.61151	2.29783	2.87054	2.83196	2.13542	2.69815	2.22261	2.32809	2.80357	
124	12.9669	12.6483	6.26418	3.5609	15.7861	13.7652	9.86813	14.4076	4.43847	2.24054	13.6235	12.9792	2.2	3.61109	4.61086	2.57682	2.38747	2.4779	2.48596	2.32379	2.12603	2.29347	2.74226	3.08869	2.62679	2.14942	2.69815	2.45764	2.26716	2.59615	
125	12.1639	14.4132	7.16519	3.68782	16.0686	12.5411	12.1202	12.8988	4.65403	2.83196	12.0913	11.0815	2.16333	3.57771	5.01199	2.4331	2.68328	2.19545	2.33238	2.54558	2.66083	2.46577	2.32379	3.20936	2.52587	2.51396	3.02985	2.09762	1.93391	2.4	
126	13.3342	13.6411	5.91608	5.1225	16.1071	14.7689	11.6679	13.784	4.04969	1.76068	13.3858	13.9843	2.87402	2.78927	5.01597	2.29347	2.86705	2.57682	2.97993	2.99666	2.47386	2.73496	2.80713	2.99666	3.05287	2.77128	3.43802	2.70555	2.89482	3.08221	
127	10.547	11.3833	5.08134	5.0774	13.7557	11.9415	11.3657	13.5691	2.66458	2.29783	14.3318	13.1864	2.94279	0	5.36283	2.61151	2.97658	2.80713	4.29884	4.28952	2.70924	4	4.21663	3.95221	3.52704	2.74591	2.57294	2.24499	2.39165	3.2	
128	3.84187	8.5872	3.23728	3.9724	8.7761	8.68332	12.0133	14.8243	3.78418	3.4322	14.6233	13.829	2.70185	4.1328	5.27826	2.93939	2.80713	2.65707	5.26498	5.49727	5.34228	4.994	5.26878	5.24214	2.61534	2.35372	2.19089	2.84253	2.35372	2.47386	
129	3.84968	4.64758	4.37264	3.9724	4.69468	4.56946	11.049	13.7935	3.2311	3.38526	14.1937	12.9846	3.02655	4.51664	5.65509	2.76767	3.09193	2.85307	9.717	9.19565	6.28013	5.71314	8.4119	7.42698	2.57294	2.43721	2.58844	2.7313	2.55343	3.02324	
130	3.96485	4.15211	5.31601	4.4833	5.41479	4.55851	8.13634	9.44246	3.70675	3.06268	9.62497	9.62185	3.87556	0	5.8515	4.996	3.995	3.58887	13.3162	12.6285	5.57853	5.53173	11.8389	9.97898	2.40832	2.64197	2.36643	1.99499	2.19089	2.40416	
131	4.44972	5.78965	6.42495	4.28486	4.67761	5.36283	2.77849	2.74955	3.08545	1.83303	2.77128	2.05426	4.74342	0	9.15533	5.6	5.09706	5.006	12.1285	13.7281	4.52548	3.95474	14.1944	11.5931	2.42899	1.91833	2.46982	2.58457	2.22261	2.61916	
132	3.62215	4.31972	5.18459	3.07246	4.39318	3.73363	2.60768	3.2249	3.51568	2.37487	2.70555	3.92173	7.63151	0	13.3139	6.17576	7.64591	6.66483	12.4619	13.7913	4.41588	3.63318	13.0353	12.1515	2.6533	2.27596	3.7229	3.1496	2.8178	2.58844	
133	2.93598	3.97492	3.80263	3.24345	4.21426	3.75233	2.94279	2.90861	3.90384	2.66083	3.79737	3.33167	6.87895	28.4373	13.3925	4.36578	7.97621	7.88923	11.0463	13.2325	5.1672	3.78418	12.6878	12.3806	2.82843	2.78568	3.49285	2.64197	3.08545	2.88791	
134	4.19762	4.69681	5.62317	3.57491	3.86782	3.73363	3.66879	3.37046	3.09839	2.14942	2.79643	3.02985	9.69639	8.59767	15.678	3.74433	9.83158	9.00222	12.2139	14.2127	5.29339	3.6	13.4402	12.0433	4.17852	3.29848	3.36155	3.38821	4.26849	4.38862	
135	3.94208	4.42493	5.40925	3.94968	3.5242	4.25676	3.54683	3.72022	3.03315	2.24054	3.41467	3.29242	8.52877	7.44312	15.7987	4.44522	10.4413	8.23529	13.5536	13.5949	4.13763	4.17852	13.3507	12.2246	5.1303	4.89898	4.65188	4.93153	5.68331	5.21153	
136	3.6606	3.85487	4.7833	3.33167	2.56515	2.8	3.14643	4.06694	2.85657	2.31517	3.81838	3.76829	9.47312	7.14283	14.8573	4.10853	11.3552	9.83158	11.288	12.5228	3.64143	4.11096	12.1614	12.0632	8.27647	8.25833	6.9685	4.52106	9.78877	7.35527	
137	3.41174	3.55528	3.62215	2.88791	2.70555	2.31948	3.35559	3.94208	3.61663	2.36643	3.08545	4.54973	10.2167	0	16.277	4.42267	11.6319	10.3238	3.1209	2.60768	4.83115	3.03974	2.86356	2.71662	8.66372	9.81733	6.33561	5.32729	11.738	8.75785	
138	2.88097	3.34664	3.18119	2.44949	3.63868	3.27414	3.44674	2.85307	2.66083	2.75318	3.44384	3.65513	11.3745	5.28015	15.6493	4.1497	11.3991	12.3313	2.97321	3.44384	3.68239	2.99333	2.54951	3	11.9222	11.8313	4.02741	4.005	13.9786	14.2345	
139	3.34664	3.88587	3.81576	2.66833	3.74967	3.29242	2.79285	2.498	2.42899	2.07846	3.6606	3.09839	10.2137	0	14.3687	3.28329	10.0578	10.7051	2.83549	3.38821	3.78946	3.01993	2.88791	3.17805	12.1639	12.2678	5.08134	3.97995	13.9821	12.2139	
140	3.1749	3.70945	3.51568	2.51794	3.00666	3.05287	2.79643	2.93939	2.54951	3.03315	3.18119	2.95296	3.91152	11.4516	8.6	3.05614	6.89057	9.3188	3.60555	3	3.61109	3.00333	2.4	3.79473	11.7796	12.5555	5.1614	3.06268	13.8989	11.9616	
141	2.97993	3.36155	3.02985	1.96977	3.44093	3.85487	2.4779	2.66083	2.22711	2.83549	3.08545	3.57771	4.50111	5.71489	7.35527	3.68511	5.87707	7.70065	3.54401	3.02985	2.94958	2.77489	2.24944	3.4	12.7523	14.4028	4.80625	3.32566	14.8122	14.3241	
142	2.98329	3.55809	3.995	2.66833	3.98497	3.755	2.73496	2.66833	3.37343	2.55343	2.88444	3.37935	5.06162	5.84637	8.76356	3.55246	6.42651	8.42971	3.40881	3.30757	3.19061	3.04302	2.71662	2.85657	13.2295	15.8833	4.9679	4.95379	14.7614	13.4981	
143	3.88072	4.37721	4.18569	3.27414	4.35201	3.69865	2.90172	2.61151	2.86705	2.76406	2.40416	2.82489	5.01996	0	6.33719	2.25389	4.76865	6.48383	3.46987	3.32265	3.49285	2.54558	2.78927	3.42345	11.1086	12.3028	5.85491	3.68511	12.9522	11.2294	
144	3.63593	3.64966	3.72559	3.06268	3.35261	3.1749	3.72559	3	2.46577	2.21359	3.64143	3.28634	3.59444	0	6.19516	2.82489	5.56956	5.94475	4.40908	3.82884	3.98246	2.69072	2.07846	2.73861	8.41546	8.54049	5.49545	5.07149	9.30054	10.8397	
145	3.4176	2.57682	3.67423	2.70555	3.15595	3.01662	3.07571	2.46171	2.82843	2.01494	3.10805	3.18748	4.03485	8.0895	6.09918	3.18119	4.55192	7.67594	3.53836	2.87402	4.08656	2.48596	2.64197	2.61916	3.10484	3.69053	5.44059	3.94715	3.67967	3.17805	
146	3.11127	3.09839	3.78418	2.98664	3.24037	3.5805	3.01662	2.51794	2.18632	2.49399	3.228	3.69324	5.02593	0	5.71139	3.45254	4.62169	6.11228	3.82361	3	4.02989	2.21811	2.8	3.03974	3.43511	3.50428	6.0597	4.48107	3.6524	3.0692	
147	2.57294	3.45543	3.995	2.5807	2.99333	2.92233	2.79285	2.10713	2.16795	2.4779	3.03315	3.61109	4.1497	3.55809	4.67333	2.40832	3.74967	5.13809	3.29242	3.08869	4.03485	2.41661	2.41661	2.96648	3.9064	4.77074	6.2466	4.68402	3.67696	3.20312	
148	2.77489	2.77849	3.45832	2.6	3.00998	2.5807	2.92916	2.50599	2.26274	2.20454	2.25832	2.66083	3.68511	0	5.00999	3.33766	3.64692	4.12311	3.61109	3.32866	3.55246	2.52587	2.79643	3.20936	2.57294	2.55734	4.25676	3.08221	2.75681	3.68782	
149	2.57294	2.78568	2.92233	2.2891	2.93598	2.39583	2.84956	2.0445	2.29347	2.69072	2.46577	2.17256	4.20238	8.36421	5.6	2.92575	3.1305	4.3382	3.47851	3.14325	3.57491	2.75681	2.94958	2.95973	2.74591	2.74226	3.24962	3.24345	2.52587	2.56515	
150	2.23159	2.4454	2.40416	2.86007	2.63059	2.74591	2.96985	1.79444	2.31948	2.50998	2.01494	2.72764	4.44747	4.88262	4.98397	2.29347	2.27596	3.67423	3.88587	2.84253	3.49857	2.94958	2.98998	3.01662	2.90861	2.71662	3.07571	3.27719	2.83196	2.38328	
151	2.38747	2.56515	2.45764	2.78927	2.1166	2.31948	2.63439	2.05913	2.78927	2.03961	1.96469	1.92354	3.14325	0	5.46809	3.0692	2.50599	2.83196	2.89482	3.10805	3.39706	2.92233	2.70555	3.57491	3.19061	2.77849	4.68402	2.63059	3.2619	3.56651	
152	2.92916	2.31948	2.14009	2.76043	1.8868	2.53377	2.67955	2.30217	2.42074	2.22261	2.38328	2.70185	4.92341	14.285	4.78748	3.77094	2.71662	3.13688	3.38231	2.98329	3.26803	3.07246	2.52587	2.32809	2.87402	2.76406	4.22611	2.82843	2.61151	3.04959	
153	2.52587	1.95448	2.74591	2.29783	2.40416	2.76043	3.1209	1.96977	1.8868	1.90788	2.44131	2.99666	5.5857	0	5.23832	3.5242	3.48425	3.30757	3.03974	2.69815	3.05614	2.92233	2.63059	3.42053	3.17175	2.61534	4.09878	2.16333	3.19374	3.31964	
154	2.64575	1.96469	2.31948	2.06882	2.79285	2.32379	2.78568	2.10713	1.82757	2.46577	2.08327	2.46982	5.08134	0	5.0319	2.93939	2.82843	2.53377	3.31662	2.92916	2.96648	2.52982	2.64197	3.09193	2.89137	2.80357	4.3566	2.12132	3.2218	3.36155	
155	2.43721	2.61916	2.24499	2.63059	2.44131	2.41247	2.54165	2.502	2.00998	1.77764	2.14942	2.22261	4.11825	8.55804	5.19038	2.23159	2.42899	2.53377	3.97744	3.28938	2.71662	2.74591	2.83196	3.45832	2.99333	2.96311	4.6	2.69815	3.55528	3.2187	
156	2.41247	2.17256	1.96977	2.20454	2.33666	2.0347	2.7313	1.76635	2.16795	1.81108	1.94422	2.13073	4.11096	0	5.27257	1.95959	2.67208	2.24944	3.18119	2.77489	2.88444	2.79285	2.90517	3.83406	3.1209	3.00666	4.9679	2.72397	3.40588	3.57211	
157	2.78927	2.20454	2.42074	2.07364	2.2891	2.16333	2.74591	2.87402	2.31517	2.0347	2.34521	2.64197	3.84708	0.141421	5.86856	2.64197	2.82489	2.39583	3.38231	2.30217	2.82135	3.00333	2.66458	3	3	2.82135	4.10366	2.80357	2.73496	3.56371	
158	2.50998	2.24944	2.44131	2.49399	2.81069	2.77489	2.78209	2.07846	2.56125	2.53772	2.83549	2.82843	3.96737	4.88467	5.1517	2.13073	2.47386	2.2891	2.72764	2.91548	2.53377	2.62679	3.31662	2.86705	3.56931	2.55343	4.14729	2.99666	2.57682	3.09839	
159	3.07571	2.52982	2.76406	2.3622	2.18632	2.17715	3.24345	2.05913	2.92233	1.80555	2.72764	2.74226	4.34511	5.94138	5.38888	2.31517	2.78568	2.67582	2.73496	2.7313	2.08806	2.88097	2.83549	2.92916	2.90172	2.48193	3.63318	2.6	2.49399	3.6	
160	2.83196	2.40832	2.04939	2.50599	2.25832	2.14476	2.72029	2.35797	1.60624	2.25832	2.33238	2.16795	4.07431	0	4.86826	3.08545	2.78568	2.79285	2.27156	2.94279	2.45764	2.92575	2.51794	2.93258	2.94958	2.79643	3.11127	2.66083	2.72029	2.82843	
161	2.61916	2.82843	2.91548	1.98997	2.32379	2.61534	2.92916	2.18632	2.1166	1.90263	2.15407	2.39583	4.30116	0	5.52268	2.35797	2.63059	2.72029	3.10484	2.498	2.31948	2.95296	2.48998	2.68701	3.29848	2.52982	3.28938	2.41247	2.5219	2.69815	
162	2.67582	2.8	2.74226	2.98664	2.78209	2.18632	2.96311	2.43721	2.53772	2.17715	2.24499	2.50998	2.67208	9.93579	4.93761	1.78326	2.34094	2.42899	2.66083	3.28329	2.42074	3.02655	2.73861	3.11769	2.4	2.83549	3.44674	3.18434	3.04302	2.61151	
163	2.42899	2.502	2.29783	2.3622	2.83901	1.95959	2.27156	1.94936	2.05426	1.84932	2.23159	2.6533	2.59615	0	4.28719	2.09762	1.94422	2.20454	2.39583	2.96648	2.5219	3.04631	2.52982	3.18748	2.65707	3.0133	3.05941	2.38328	3.1273	3.16228	
164	2.41661	2.19545	2.18632	2.31948	2.38747	2.46982	2.50599	2.02978	2.82843	2.58457	2.07364	2.57294	2.82843	0	4.64758	1.92354	1.79444	2.20907	2.47386	2.81069	2.95973	2.70924	2.61534	2.71662	2.45764	2.54558	3.51852	2.66833	1.95959	2.54558	
165	2.95635	2.58844	2.71293	2.37908	2.25832	1.81659	2.87054	2.73496	2.16795	2.0347	1.84932	2.35797	2.37065	6.73498	4.47661	1.91833	1.93907	1.92354	2.85657	2.89137	2.85307	2.61916	2.47386	3.04631	2.8178	2.29783	2.58457	3.16228	2.15407	2.89137	
166	2.37065	2.88444	2.69444	2.46982	2.45764	2.42074	2.77849	2.14009	2.12132	1.73205	2.22261	2.06398	2.42487	0	4.21426	2.31517	1.92354	2.43721	2.46171	2.84605	2.90172	2.42899	2.83901	3.15595	3.27719	2.42074	2.78568	2.64953	2.34094	2.4	
167	2.37487	3.17805	2.41247	2.54165	2.29783	2.34521	2.90172	2.63818	1.90263	2.03961	2.08806	2.4331	2.31948	3.08545	4.63465	2.2891	2.07364	2.0445	2.86356	2.81425	2.46577	2.45764	2.19089	2.94618	3.05287	2.02978	2.44949	2.89828	2.38747	3.18748	
168	3.04959	3.16228	2.57682	2.82489	2.62298	2.34521	2.5807	2.22711	2.67582	2.24944	2.41661	2.14942	2.57682	3.2311	4.22374	1.83848	2.24499	2.6	2.75318	2.56125	1.93907	2.75318	3.02655	3.2619	2.74955	2.07364	2.59615	2.51794	2.58457	2.40416	
169	3.97744	3.57491	3.1241	2.05426	3.99249	3.37935	2.84956	2.29347	2.34947	2.29783	2.49399	3.08221	2.76043	14.9151	5.46077	2.04939	2.5923	2.90861	2.48193	2.37065	2.498	2.68701	2.4331	2.83901	2.92233	2.46982	3.24962	2.78209	2.56515	2.86705	
170	6.08933	6.73201	3.56371	2.6	6.07289	5.10882	3.61109	2.22261	2.7313	1.96469	2.72029	2.20454	2.51396	5.06557	4.49444	2.22711	2.11187	2.94958	2.76043	2.8178	2.8178	2.72029	2.05913	2.83549	2.71662	2.5807	3.70675	2.96311	2.05913	2.95635	
171	7.76917	8.05605	2.76406	2.3622	9.85495	8.4	3.58608	3.36155	2.6	2.38328	3.11448	3.02985	2.22711	15.678	5.65685	2.18632	1.92873	2.7313	2.92916	2.71293	2.65707	2.79285	2.61151	3.05941	2.90517	2.44131	2.76406	2.97993	2.32379	2.74226	
172	10.9179	10.0946	3.28634	3.55528	11.913	10.2382	4.98799	4.13038	2.98664	3.57491	5.02195	3.58887	2.26716	3.89615	4.63033	1.77764	2.29783	2.41247	2.64953	2.84253	2.89828	2.88097	2.96985	2.77849	2.31084	2.1166	2.51396	2.21359	2.1166	2.48998	
173	11.1597	13.829	2.98998	3.57491	15.2401	15.0466	8.72812	7.66942	2.14942	2.71662	7.97872	8.37616	1.98494	0	4.57165	2.11187	1.87617	2.0347	3.32566	3.0133	3.04959	2.77489	2.81425	3.32866	2.82489	2.05913	2.48193	1.99499	2.62298	2.17256	
174	11.3895	13.0905	3.36155	2.27596	14.716	13.2507	10.3421	10.9636	3.00333	3.55528	10.6846	8.87017	2.70924	0	4.76445	2.12132	2.26274	2.07364	2.94958	2.78568	3.30757	3.13688	2.35797	3.08545	2.74226	2.37908	2.76767	2.5807	1.8868	2.74226	
175	13.3147	12.7891	2.93939	2.37908	16.476	13.2068	13.3843	12.53	3	2.24944	13.7186	12.676	2.87402	8.33427	4.69255	2.38747	2.35372	2.87054	2.91548	3.02324	3.07896	2.52587	2.78209	3.30454	2.57294	2.70185	2.90517	2.50599	2.51396	2.33666	
176	14.8963	14.2197	3.27719	5.50091	16.5614	15.3421	12.3028	14.2092	2.30651	4.74342	15.6831	13.4015	2.55343	0	4.82286	2.27596	2.09762	2.56125	2.96985	2.93598	3.19374	2.92916	2.85307	3.2249	3.08221	2.71662	2.64953	2.3622	2.42074	2.61151	
177	12.4483	13.0599	4.26849	4.15211	16.1635	14.1237	14.1202	11.709	2.00499	2.60768	11.86	13.259	2.21359	0	4.61952	2.09284	2.06882	2.38747	4.19762	3.71753	3.03974	2.8775	3.67423	3.32566	3	2.45764	2.46577	2.08806	2.54558	2.79285	
178	11.8533	11.6379	3.44964	4.44747	13.4127	13.5941	11.5369	14.99	2.41247	2.62679	14.1859	12.6333	2.37487	0	4.56946	2.31948	1.76068	1.96469	5.8532	4.42493	3.45543	3.69594	4.36348	4.26849	2.69072	2.498	2.54558	2.03961	2.56515	3.02985	
179	9.97397	10.6874	4.99199	6.71714	12.8203	12.3467	11.9474	14.7146	3.00998	3.69053	14.4271	15.5634	2.42487	0	4.80833	2.37908	1.96977	2.20907	8.76926	8.80682	4.21426	2.90861	8.95656	7.12039	2.7313	2.26274	2.67208	2.21359	2.59615	2.22261	
180	2.502	2.31948	2.35797	2.25832	2.78568	2.63818	11.1857	11.4245	2.91204	2.5807	12.5579	12.3045	2.82843	6.61362	5.12835	2.41247	3.57211	3.02655	9.42762	7.85748	2.71662	3.00333	9.35842	10.2577	2.37908	2.31517	2.48596	2.09284	2.35372	2.42487	
181	2.61916	2.60384	2.57294	2.3622	2.48998	2.66083	9.89646	10.2791	3.4	3.06594	11.5447	12.6768	4.09878	6.65432	6.063	2.56515	4.4587	4.48776	14.3157	14.391	2.89482	2.64953	13.655	12.9383	2.61151	2.39165	2.31948	2.42487	2.11187	2.89828	
182	2.58844	2.74226	2.54165	1.772	2.6533	2.97321	3.02324	2.4779	2.05913	1.78885	2.28473	2.93598	7.2374	2.95296	8.72353	2.61534	7.22219	7.20417	14.1746	14.3937	3.31662	3.1273	13.7375	15.0493	2.69815	2.68328	2.30217	2.27156	2.2891	2.49399	
183	3.03974	2.17715	2.37487	2.55734	2.64575	2.48998	2.96311	2.07364	2.28035	2.42074	2.21359	2.41661	8.17802	9.28655	10.6939	3.18434	8.99333	8.22071	15.4097	14.6997	2.84253	2.83549	13.7193	13.2755	2.70185	2.44131	2.08327	2.12603	2.14942	2.42487	
184	2.32809	2.31948	2.73861	1.86011	2.68328	2.75318	2.61534	2.27156	1.52315	1.72047	2.16333	2.05913	10.9918	15.9468	13.4149	3.1496	11.9424	11.4734	15.0844	15.1228	4.22847	2.81069	15.6135	14.9151	2.42074	2.42487	2.37908	2.498	3.01993	2.5219	
185	2.87054	2.83549	2.29783	2.09762	2.23607	2.09284	2.40832	2.44949	1.92354	2.45357	2.14942	1.90788	11.4804	4.16653	15.7899	2.50998	11.1651	13.0568	13.3604	12.724	4.96185	4.3589	12.9383	13.8072	3.5609	3.00333	2.88791	2.50599	3	3.02655	
186	2.38328	2.35797	2.29347	2.42074	2.61534	2.60384	2.58457	2.02485	1.60624	1.94936	1.772	2.42487	12.0748	7.04557	16.9564	2.17256	11.6396	12.514	13.2996	13.7623	3.49571	2.99666	13.3274	12.573	6.3498	4.15211	3.54119	3.18748	4.41362	4.42945	
187	2.16795	2.40832	2.00998	2.48998	2.46982	2.81069	3.08545	1.94422	2.21811	2.38328	2.19545	2.53377	11.1937	7.19583	17.6958	2.69072	11.5248	12.9174	12.2205	11.5222	6.54981	7.36478	13.4007	13.9886	7.62234	7.5591	2.63439	2.8775	8.99555	8.50176	
188	2.23159	2.22711	2.34094	2.30651	2.66083	2.28473	2.48193	2.42899	2.00998	1.59374	2.52587	2.56905	10.6414	6.29921	17.0845	2.75318	9.82649	11.3974	2.87402	2.82489	2.42487	2.08806	2.62679	2.91548	10.0429	9.44352	3.70675	3.4322	10.7991	9.23363	
189	3	2.84253	2.59615	2.66833	2.26716	2.19545	2.88444	2.00998	2.12603	2.02978	2.72029	2.82135	10.6518	7.33485	14.7594	2.63818	10.2752	11.0797	2.68328	2.24499	2.69444	3.0692	2.61151	2.53377	12.433	11.9883	3.86782	2.4331	12.5555	12.3386	
190	3	2.40416	2.34094	1.98494	2.61151	2.33238	3.36749	2.09762	2.42899	2.4331	2.0347	2.38328	3.69594	21.1703	14.1294	5.09117	9.23038	10.3644	2.60384	2.67208	2.55343	2.91548	2.48596	3.05614	13.1248	12.1934	2.9189	3.43802	13.6125	10.7173	
191	2.25832	2.16333	2.5219	2.46577	2.11187	2.37065	2.77128	2.13073	1.59374	1.90263	2.63439	2.74955	2.502	13.8261	4.60217	2.37487	2.06398	2.81425	2.48998	2.95973	2.41247	2.62298	2.74591	3.1273	12.375	12.8421	3.05287	3.67696	11.7652	13.1666	
192	2.58457	2.37908	2.58457	2.54951	1.87617	2.34094	2.3622	2.00998	2.67582	2.26716	2.40416	1.98997	1.89737	0	4.3382	2.05426	1.84932	1.98494	2.47386	2.87402	2.92575	2.73496	2.35797	3	13.4268	12.6372	2.42899	3.37639	14.543	13.5816	
193	2.45357	2.4	2.21811	2.67208	2.71662	2.24054	2.52982	2.50599	2.23607	1.73781	2.0199	1.9799	2.31517	0	5.45527	2.16333	2.24499	2.59615	2.6	2.83196	2.63818	2.7313	2.63059	3.07571	11.7652	13.3011	3.66606	3.9975	14.157	14.5712	
194	2.48596	2.66833	2.51396	1.88149	2.32379	1.96977	2.81425	1.94422	2.20907	2.08806	1.87083	2.09762	2.1587	0	4.91325	1.76635	2.54165	2.31948	2.56905	2.66458	2.41661	2.21359	2.96648	2.91548	10.9745	11.0887	3.2249	3.69865	11.5905	11.6662	
195	2.56905	2.19545	1.98494	2.13073	2.45357	2.32379	2.36643	2.13542	2.0445	2.16333	2.36643	1.98997	2.40832	6.5437	4.63681	2.02978	2.57682	2.46577	2.4454	2.72764	2.38747	2.54951	2.56125	2.68701	9.59687	10.6489	5.3066	5.74804	11.6267	12.7601	
196	2.74226	2.4331	1.97484	2.41661	2.57682	2.18632	2.4779	2.67208	2.58844	1.76068	1.92354	1.89209	2.1587	3.58608	4.56508	1.98494	2.04939	2.16795	3.42637	2.90172	2.52587	2.4331	2.95635	2.78927	2.64197	2.37065	3.0133	2.64953	2.95296	2.67208	
197	2.5807	2.60384	2.3622	2.48596	2.59615	2.37908	2.4331	2.61916	2.35797	1.61245	2.61916	1.95959	1.90263	5.44977	4.58912	1.66733	2.0199	2.32379	2.54951	3.06268	2.77849	2.67208	2.8	3.25269	2.8178	2.30651	2.36643	2.41247	2.7313	2.87054	
198	2.96985	2	2.2	2.43721	2.22711	2.16795	3.1305	1.95959	2.4454	2.10713	2.34094	2.35797	2.26274	0	4.68615	2.13073	1.95959	2.17715	2.85657	2.69072	2.57682	2.4454	2.73861	2.65707	2.52982	2.46577	2.27156	2.12603	2.23607	2.24054	
199	2.45764	2.38328	2.60768	2.21359	2.37908	2.4	2.93258	2.43721	1.93391	2.06398	1.90263	1.83303	2.29783	4.69468	4.37264	1.73205	2.25832	2.09284	2.68701	2.42074	2.76767	2.79285	2.61916	2.44949	2.61151	2.45357	2.41247	2.37487	1.99499	2.51396	
200	2.14942	2.25832	2.36643	2.61151	2.62298	2.47386	2.6533	2.88097	2.35372	2.26716	2.8775	2.64575	2.31948	0	4.14488	2.64953	2.48998	1.91833	2.72397	2.71293	2.65707	2.66083	2.74955	2.74955	2.41247	1.88149	2.42074	2.25832	2.37065	2.30217	
201	2.64953	2.64575	2.34521	2.10713	2.58844	2.29347	2.31084	2.05913	2.0347	1.93907	2.00499	2.25832	2.05913	3.79737	4.64973	1.82757	2.12603	2.00998	2.28473	2.42487	2.53772	2.42899	2.72029	2.70555	2.71662	1.77764	2.63439	2.34947	2.30651	2.46171	
202	3.08221	2.50998	2.27156	2.30651	2.28035	2.71293	2.57682	2.44131	2.13073	2.12603	2.19089	2.77128	2.11187	6.35925	4.29884	1.91833	2.07364	1.73781	2.66458	2.89482	2.66458	2.34521	3.02655	2.72029	2.29783	2.58457	2.58844	2.4454	2.06882	2.55734	
203	2.47386	2.66458	2.56905	2.61151	2.53377	2.28035	2.94958	2.27156	2.19089	2.18632	2.40416	2.03961	2.12603	6.2145	4.54753	2.01494	1.98997	2.00499	2.2891	2.55734	2.85657	2.3622	2.5219	3.11769	2.7313	2.38328	2.84956	2.49399	1.85472	2.55734	
204	2.56125	2.45764	2.72397	2.50998	2.35372	2.62298	2.70185	2.08806	2.0445	1.8868	1.9799	2.90172	2.4454	0	5.02792	2.08806	2.04939	2.63439	2.48193	2.63059	2.46577	2.83549	2.30217	3.00998	2.85307	2.00998	2.5923	2.02978	2.25389	2.54165	
205	2.37065	2.56125	3.09193	2.31948	2.2891	2.5219	2.78209	1.97484	2.05426	1.87617	1.98494	2.18632	2.4	4.15692	5.11859	2.05913	2.2	1.85472	2.4454	2.61916	2.98329	2.63818	3.05941	3.28024	2.55343	1.8868	2.1587	2.30651	2.44949	2.69815	
206	2.64953	2.1587	2.30217	2.38747	2.06398	2.55734	3.228	2.35797	2.41661	2.19089	2.14942	2.08327	1.81108	6.00167	4.67974	1.98997	2.1587	2.22261	2.78568	2.62298	2.28473	2.5923	2.79643	2.73496	2.52587	1.96469	1.93907	1.81108	1.772	2.4454	
207	2.35797	2.39165	2.46171	2.17715	2.16795	2.19545	2.48596	2	2.09284	2.13073	2.22711	2.20907	1.9799	0	4.82494	2.21811	1.90788	1.91833	2.57294	2.56515	2.69072	2.48193	2.8178	2.71662	2.31948	2.14009	2.88097	2.46577	2.34521	2.91548	
208	2.56125	2.24944	2.42074	2.10238	2.30651	2.27596	3.00666	2.20907	2.17256	1.67929	1.94936	2.64197	1.9799	5.14004	4.86621	2.06882	2.13073	1.90788	2.22261	2.58844	2.66083	2.45764	2.46171	3.08869	2.42899	2.44949	2.18632	1.86011	2.2891	2.62679	
209	2.62298	2.17715	2.26716	2.61534	2.54165	2	2.25832	2.28473	2.86356	2.44131	2.38328	2.64953	2.08327	6.74833	5.11468	1.8868	2.22261	2.38328	2.50599	2.39583	2.89828	2.33238	2.68328	3.35857	1.99499	2.14942	2.21359	1.91833	2.00998	2.34521	
210	2.69072	2.37487	2.09284	2.24499	1.89737	1.84932	3.18434	2.52587	2.50599	1.96977	2.46577	1.55563	2.1166	0	5.2345	1.97484	2.35797	2.26716	2.75318	2.08327	2.67582	2.24499	2.85657	2.61534	2.38747	1.56205	2.19545	2.29347	1.93391	2.40832	
211	1.98997	2.36643	2.10713	2.16795	2.6	2.24054	3.31964	2.21811	2.11187	1.98997	2.36643	2.23607	2.24499	0	4.36578	2.31517	1.95448	2.23159	2.35797	2.88097	2.58457	2.5219	2.63059	2.66833	2.67955	1.91833	2.63059	2.13542	2.20907	1.96977	
212	2.55343	1.96469	2.43721	2.03961	2.44949	2.3622	3.1749	2.17256	1.81659	2.12603	2.00998	2.31948	2.09284	10.6151	4.64543	1.98997	1.97484	2.15407	2.32379	2.56905	2.80713	2.41661	2.72764	2.4779	2.32379	1.86548	2.34521	1.92354	2.42899	2.07364	
213	2.89137	2.63818	2.8178	2.498	2.12603	2.45357	2.67955	2.26274	2.10713	1.81108	1.61864	2.16333	1.7088	0	5.37215	1.76635	1.69706	2.05913	2.12132	2.502	2.498	2.42074	2.79285	3.11769	2.6	2.46577	2.53377	2.57682	1.89737	2.48998	
214	2.17256	2.1166	3.00998	2.25832	2.45764	2.27156	3.06268	2.4779	2.04939	2.38328	2.87054	2.502	2.19089	0	4.34511	2.02485	2.00998	2.06882	2.498	2.67208	3.04302	2.69444	1.8	2.99666	2.6	2.42487	2.23607	2.13073	1.93391	2.41661	
215	2	1.88149	2.94958	2.16795	2.50599	2.1587	2.5219	2.24054	2.17715	2.24944	2.02978	1.84932	2.35797	11.5326	4.98197	1.772	2.19089	2.25832	2.498	2.37065	2.79285	2.41661	2.46982	2.84956	2.72764	2.37908	2.29783	2.30651	2.39165	2.38747	
216	2.16795	2.24499	2.54951	2.07364	2.56515	2.6	2.35372	2.1587	2.08806	1.54272	2.42074	2.26716	1.89737	3.89615	4.30813	1.98997	1.90788	2.06882	2.78927	2.93258	2.44949	2.78927	2.37487	2.5219	2.58844	1.84932	2.21811	2.63439	2.09762	2.10713	
217	2.83196	2.94958	1.91311	2.14476	2.26716	2.40832	2.83549	2.18632	2.19089	1.92873	1.84932	2.40832	2.18174	0	4.04475	1.93907	2.14476	2.33238	3.03315	2.62679	2.65707	2.86007	3.1305	2.8	2.81069	2.50599	2.16795	2.26274	2.46982	2.23607	
218	2.77128	2.24054	2.19089	2.27156	2.41247	2.49399	2.57682	2.69815	1.9799	2.09762	2.14942	2.14476	2.05426	0	4.52769	1.6	1.76068	2.21359	2.64575	2.73861	2.77128	2.78927	2.88097	3.04631	2.81425	2.10713	2.83901	1.98997	2.26274	2.21811	
219	2.56905	2.29783	2.42487	2.77489	2.14942	1.96469	2.75681	2.19545	2.10713	1.79444	1.94422	2.13542	2.55343	18.6569	4.63033	2.30651	2.18632	1.87083	3.01993	2.44949	2.6533	2.56125	2.35372	3.05941	2.72029	1.99499	2.21359	2.57294	2.02978	2.24054	
220	2.35797	2.56125	2.52587	2.61151	2.46577	2.3622	2.51794	2.50998	2.74591	2.16795	2.44949	2.24054	1.95448	9.19565	4.43396	1.95448	1.89737	2.52982	2.64575	2.57682	2.77128	2.62679	2.84605	2.74226	2.78209	1.90788	2.62679	2.23607	2.19545	2.82843	
221	3.81838	3.57491	2.09284	3.03645	4.37035	3.37046	3.1305	2.38747	2.76406	2.08806	1.94936	2.32379	1.94422	4.96185	4.70744	1.89209	2.08806	2.18632	2.498	2.45357	2.64197	2.44949	2.4	2.83549	2.63059	2.20907	1.95959	2.48193	1.82209	2.84253	
222	6.25939	5.5857	2.50998	3.78946	6.04649	6.41249	2.98998	3.27109	2.04939	3.08221	2.89828	2.54165	2.37487	0	4.76865	1.66733	2.11187	2.40832	2.48998	2.86356	2.44131	2.88444	2.34521	3.2311	2.43721	2.1166	2.34947	2.77849	2.16795	2.63818	
223	9.28116	8.66949	3.90896	5.13615	9.88028	9.64572	4.96991	4.82079	2.37065	2.44131	5.002	4.39773	1.78326	3.66879	4.46542	1.76635	1.87617	2.41247	2.40416	2.46577	2.3622	2.57294	2.21811	2.59615	2.50998	2.01494	2.81425	2.40416	2.10238	2.33666	
224	10.3971	8.75785	4.64327	5.06557	9.5352	11.2312	6.63325	6.39844	2.86705	3.29242	7.31847	5.88388	2.31517	11.4769	4.41588	2.53377	2.05426	2.24499	2.21811	2.57682	3.00333	2.41661	2.82489	3.03974	2.64575	2.05426	2.34521	1.92873	2.10238	2.78209	
225	9.86205	9.26715	5.20769	4.52327	10.374	11.2907	11.456	9.64261	2.73496	3.38526	9.68091	10.3402	2.498	3.61663	4.18569	2.12132	1.83303	2.4331	2.25389	2.09284	2.67208	2.82843	2.46577	3.02655	2.61151	2.05426	2.84605	2.13542	2.14476	2.5219	
226	10.5014	8.54049	4.41814	5.14587	10.141	12.107	10.9608	9.29839	2.74955	5.52087	10.7359	11.1678	2.26274	7.50999	4.54973	1.83848	1.99499	2.23159	2.33666	2.55734	2.50599	2.62298	2.72764	3.28024	2.94958	2.26716	2.4454	2.2891	2.13542	2.33666	
227	9.08735	8.98554	4.72229	5.98999	10.018	10.9362	10.7443	9.25311	3.20624	4.20714	9.28224	11.549	2.38328	3.25269	4.68188	1.78885	2.23159	1.86548	2.55343	2.6533	2.57294	2.88791	2.74591	3.2	3.0692	2.28035	2.16333	2.17256	2.09284	2.12132	
228	9.54254	8.41903	5.66392	6.36239	9.67471	11.2107	10.0548	8.24864	3.14006	4.0939	10.6207	9.75192	1.91311	0	4.37035	2.0347	2.02485	2.31948	2.46171	3.08221	2.74226	2.78927	2.8775	2.83196	2.17715	2.19089	2.32379	2.62679	2.20454	2.62298	
229	9.00777	7.47797	4.59783	6.74685	8.43564	9.13346	9.70155	8.26801	3.25883	4.49222	9.54882	10.5404	2.78209	0	4.34511	2	2.08327	2.31948	2.74955	3.17805	3.17805	2.90861	3.02985	3.38526	2.51396	2.4	2.77489	2.21811	2.12132	2.54951	
230	2.81425	2.66458	2.54951	2.50599	2.17256	2.45764	8.66141	8.60814	4.87237	5.78619	9.18586	10.8904	2.06398	6.65132	4.73498	2.55343	2.0199	2.25832	6.10246	5.25357	2.74955	3.07571	5.22111	5.72713	2.46982	2.26274	2.26274	2.48193	1.86548	2.51396	
231	3.09516	2.94958	2.51396	2.31948	2.19089	1.79444	10.1735	10.3024	6.80441	5.4626	10.749	10.6967	2.13542	0	4.41362	2.24944	2.63818	2.26274	8.26196	7.55645	3.57211	3.5609	6.66783	6.89057	2.502	2.1587	2.15407	1.75499	2.08806	2.77128	
232	2.61534	2.55343	2.41661	2.16333	2.21359	2.55343	2.64953	2.14476	1.94936	1.83303	2.13542	1.86011	4.66476	9.20109	5.0774	2.28035	4.29185	3.33167	10.4307	9.46467	4.36348	4.4833	8.79432	9.26391	2.6533	1.86548	1.75499	1.98494	2.0347	2.18632	
233	2.54165	2.29783	2.48193	2.49399	2.89482	2.23607	2.59615	1.90263	2.50998	2.28035	2.46171	2.22711	4.8	0	5.20192	3.19374	4.95379	5.44243	9.37763	10.4038	4.64112	5.48088	9.92875	9.91464	2.64197	1.83303	2.22711	2.03961	2.27596	2.50998	
234	2.86007	2.78209	2.42487	2.23159	2.02978	2.08806	2.59615	2.25832	2.26716	2.15407	2.05913	1.84391	7.00714	0	6.10082	4.38178	6.58027	8.07837	9.19021	9.58123	3.7921	5.20961	9.94284	10.1252	2.62298	2.16333	2.15407	2.06398	2.79285	2.74955	
235	2.91548	2.12603	2.58844	2.24054	2.18174	1.99499	3.19374	2.37487	3.11127	1.64924	2.41661	2.2891	6.18061	0	7.34983	3.99249	6.89783	8.10555	10.2137	8.79204	3.94208	4.3795	9.24554	10.5309	2.30651	1.88149	2.8178	2.502	2.25832	1.98494	
236	2.42899	2.09762	2.502	2.56515	2.63439	2.34947	3.02655	2.03961	1.96469	2.01494	2.35797	2.63818	8.18657	5.02792	6.99142	3.76563	7.86638	8.50176	8.11049	9.6312	4.0694	4.42945	10.6527	9.42868	2.45764	2.12603	2.52982	2.48998	2.42899	2.47386	
237	2.29783	2.65707	2.67582	2.2891	2.66083	2.71662	2.66083	2.45764	2.24499	1.80555	2.502	2.30651	9.13674	6.71714	5.44794	4.46318	8.21827	9.54778	8.48528	8.53229	3.92173	5.84294	8.0075	9.03106	4.42719	3.20624	2.41661	2.7313	3.63318	3.02324	
238	2.55734	2.66833	2.37908	2.57294	2.14942	3.01993	2.97321	2.41247	1.78885	1.92873	2.05426	2.57682	8.22679	8.1939	8.02994	6.31664	7.56175	9.81631	2.56905	5.87878	5.3479	6.52534	6.63476	9.39255	5.82924	4.47214	2.79285	2.83549	5.78273	4.72864	
239	2.6	2.21811	2.35372	2.68328	3.19687	2.66833	2.75681	2.34094	1.92873	2.16333	1.88149	2.1166	7.43909	14.0499	7.3973	4.3589	6.35138	7.78332	2.94618	2.94958	2.69815	2.65707	3.10484	2.66833	7.78974	6.69925	3.50143	4.25676	7.96994	7.03989	
240	2.05426	2.50599	2.62679	2.14476	2.21811	2.41247	3	2.1587	2.48596	1.74929	1.89737	2.67582	2.97993	6.52687	8.1719	4.06694	5.04381	7.67072	2.66083	2.59615	2.70555	3.00333	2.45764	2.81069	7.66551	5.45711	2.76043	3.19687	6.75278	8.07837	
241	2.30651	2.3622	1.94936	2.05913	2.76767	2.23159	2.20907	2.12603	2.23607	2.93598	1.83848	2.44949	2.59615	9.91867	4.89898	2.10238	1.94422	2.29783	2.42899	2.32379	2.24944	2.63818	2.1166	2.73496	9.34987	6.91665	3.87814	4.98197	7.74209	8.74414	
242	2.2	2.5219	2.61534	1.92354	2.60384	2.32809	2.38328	2.56125	2.31084	2.0347	2.03961	1.66733	2.06398	0	4.50555	2.24054	1.95448	2.12603	2.65707	2.41661	2.07364	2.71662	2.73496	2.92916	11.4123	9.97697	5.48088	6.64078	10.7963	11.0833	
243	2.62298	2.38328	2.48596	2.09284	2.0347	2.46982	2.84956	2.33238	2.18632	2.16333	1.72627	2.23159	2.25832	8.9398	4.44747	2.1587	2.2	2.2	2.5807	2.46577	2.69072	2.61916	2.73861	2.64197	11.4446	11.2739	6.67683	7.01285	10.1961	12.6665	
244	2.37065	2.02978	2.32809	2.43721	2.31084	2.42074	2.98664	2.16795	2.00499	1.90788	2.28473	1.81108	2.26274	3.36452	4.58912	1.81659	2.12132	2.22261	2.54558	2.37065	2.99333	2.8	2.66458	2.98664	9.24121	8.97775	5.93801	6.26099	9.03549	10.7657	
245	2.68328	2.14476	2.48596	2.49399	2.04939	2.45764	2.5807	1.89209	2.19545	2.28035	2.17256	1.94422	2.25389	8.73499	4.36119	2.10713	1.84391	2.21811	2.92575	2.85657	2.498	2.51396	2.6	3.11448	9.01221	7.81025	4.51664	6.74537	8.25712	9.33274	
246	2.79643	2.23607	1.83848	2.5807	2.34094	2.40416	3.02655	2.02485	2.34947	2.56125	2.70555	2.07846	3.6	3.70945	6.01166	2.1166	2.31084	2.17715	2.18174	2.83901	2.39583	2.28035	2.54165	2.80713	2.39583	1.97484	2.56905	1.81659	1.93391	2.77849	
247	2.86356	2.17256	2.34094	2.50599	2.0347	2.56905	2.81069	2.498	3.13369	4.62817	3.70675	2.5807	3.18119	0	4.41362	2.36643	2.49399	2.24054	2.72764	2.89828	3.48138	2.84956	2.6533	2.6533	2.55343	2.22711	2.16795	2.74955	2.05426	2.54558	
248	2.51794	2.1166	2.34094	2.56515	2.4779	2.79643	2.71293	3.29242	3.74967	4.79583	3.05614	3.31964	2.42487	0	5.05371	1.76068	2.26716	2.12132	2.94618	2.37908	2.66833	2.502	2.4331	2.59615	2.78209	2.40416	2.50599	2.39165	2.15407	2.63818	
249	2.51794	2.37908	2	1.95448	2.63059	1.91833	4.24264	3.15595	2.92916	3.08221	3.05941	3.97744	2.84605	7.78974	5.06557	2.09762	1.91311	2.38328	2.23607	2.4454	2.73861	2.59615	2.76767	2.49399	3.19374	2.14476	2.53377	2.36643	2.24944	2.31517	
250	2.51794	2.56125	1.97484	2.50998	2.75681	2.6533	4.23084	3.76298	5.03984	4.17612	4.32666	2.97658	2.23607	0	5.62317	1.86548	2.23159	2.53772	2.82843	2.78568	2.58844	2.42074	2.63439	2.78927	2.5807	2.14009	2.35372	2.43721	2.1587	2.23159	
251	2.46577	2.53377	2.84253	3.06594	2.29347	2.37487	5.3647	5.16333	4.75184	4.58912	4.87237	3.77624	2.76043	5.46809	4.67333	1.97484	2.02485	2.31948	2.54951	2.81425	1.91311	1.96977	2.6533	2.61916	3.09193	2.40832	2.60384	1.97484	2.14476	2.49399	
252	2.7313	2.48998	2.60384	2.30217	2.2891	2.6533	7.68765	4.96387	6.12209	6.83959	6.40469	4.53652	3.64692	6.13188	4.98799	2.01494	2.09284	2.12603	2.38747	2.88791	2.70185	2.23607	3.07246	3.31662	2.36643	2.09762	2.67208	2.37487	2.36643	1.94422	
253	1.92354	2.32809	2.61916	3.14643	2.90861	2.44131	13.02	18.3652	14.4534	15.299	14.1824	11.2996	2.78568	3.44964	4.73286	1.93907	1.83303	1.48997	2.94618	2.82489	2.34521	2.29783	2.5219	2.90517	2.68701	2.66083	2.64197	2.40832	2.21359	2.65707	
254	2.80713	2.42487	2.80357	3.18748	2.42487	2.52982	10.4556	28.5026	23.2396	12.4547	12.1211	13.0996	2.08806	0	4.85592	1.89737	1.99499	2.63818	2.76043	2.94958	2.498	2.23607	3.02655	2.89482	2.86705	1.88149	2.6	2.17715	2.28035	2.48998	
255	2.60384	2.86356	2.82843	2.84605	2.13542	1.9799	12.8374	18.5095	18.4651	18.0616	12.4643	19.1739	2.58844	2.93258	4.71381	2.53377	2.56905	2.35797	2.24499	2.72764	2.5219	2.61151	2.96985	3.05941	2.32379	2.54558	1.94936	1.94936	2.1166	2.05913	


