0	4.18808	5.8515	2.55734	2.72397	4.60435	6.69328	0	3.00998	2.38328	2.98998	2.93939	2.6533	0	2.00998	1.91833	2.14942	2.05426	1.87617	0	2.08806	1.92873	1.74356	1.8	2.80713	0	2.62298	2.32809	1.56205	1.46969	1.91311	
1	2.20454	1.96977	1.62481	1.84391	1.77764	1.80555	0	3.07246	2.85307	2.84605	2.86007	2.70555	0	2.00998	2.02485	1.8868	1.76635	2.52587	0	2.10238	1.59374	2.37065	1.83848	1.56205	0	3.04959	2.12603	2.85657	1.772	2.02978	
2	1.76068	2.03961	1.772	2.44949	1.90263	1.90263	3.1496	3.28329	3.27414	3.28938	2.95973	3.00333	0	2.04939	2.32809	2.16795	2.53377	1.51658	0	2.11187	2.07846	1.61245	2.0347	1.83303	0	2.42899	2.93258	2.7313	1.78885	2.06882	
3	1.53623	1.86011	1.85472	1.95959	1.85472	2.21811	3.2	2.88097	2.45357	3.08221	2.61916	3.39411	0	1.8868	2.06398	2.8775	2.17715	1.88149	0	1.74929	2.09762	2	2.37908	1.94422	0	1.61245	2.70555	2.37908	1.53623	1.69115	
4	1.67332	1.99499	1.62481	2.84253	2.06882	2	3.38526	3.15911	3.1496	2.94279	3.34066	3.25883	0	2.11187	1.96469	2.18174	2.08327	2.35797	0	1.51658	1.9799	1.64924	2.54951	2.17715	14.4395	1.61864	2.55734	1.89209	1.47648	2.16333	
5	1.3784	1.98494	1.4	1.45602	1.63707	1.87617	2.6533	2.50998	2.48998	3.14643	3.01993	3.34365	2.14476	2.28035	1.8	1.93907	2.17715	1.95448	0	1.95959	2.1166	1.50333	1.80555	1.83303	0	2.16333	1.56844	2.72029	1.98997	2.21359	
6	1.66132	1.66132	1.28062	1.69706	2.30651	1.86548	3.32265	3.24345	2.66458	2.94618	3.08221	2.83549	2.14476	1.88149	2.23607	2.1166	2.16333	2.37065	0	1.81659	1.72627	2.41247	2.16333	1.74356	0	2.34947	1.69115	1.98997	1.58114	1.83303	
7	1.34164	1.42829	1.51658	1.94936	2.1587	1.77764	3.09839	2.83901	2.77128	2.90172	3.1686	3.04959	2.0347	2.39165	2.21359	2.42074	2.30651	2.70185	0	1.81659	1.98997	2.49399	2.69444	2.27596	0	2.41247	1.93907	2.0347	1.69706	1.23288	
8	1.14018	2.69444	2.04939	1.90788	1.38564	1.46287	2.98664	3.08221	3.31662	3.18119	2.8775	2.31517	2.27596	1.69706	2.00998	2.22261	2.0445	2.30217	2.06882	1.7088	2.24944	2.09284	2.20907	2.19089	0	2.74591	2.54951	1.70294	1.82209	1.83303	
9	1.37113	2.0199	1.249	1.83848	1.18322	1.60624	3.08869	3.01993	3.02985	2.96311	3.03974	2.8178	2.34521	2.30217	2.94958	1.92354	2.21359	2.24944	1.99499	1.7088	2.0199	1.65529	2.05913	2.1166	0	2.79643	2.84605	1.35647	1.84391	1.58745	
10	1.37113	1.78326	1.04881	2.03961	1.75499	2.11187	3.15278	3.14325	3.34963	3.47563	2.97321	3.08869	2.24944	2.48596	3.37046	3.24345	2.8178	3.59444	2.23607	2.2	1.87083	2.10238	1.92354	1.91833	0	3.18748	2.92916	2.03961	2.50998	1.73205	
11	1.17473	1.17473	15.4803	1.52315	2.1166	1.66733	2.91548	2.5923	2.79643	3.33467	2.51794	3.23419	2.14009	1.8	1.74929	1.95959	1.72627	2.37908	1.67332	2.17715	1.88149	2.16795	2.37487	1.89209	3.16228	3.07896	3.04631	1.86011	1.82757	1.93907	
12	2.17715	1.53623	2.70924	1.42127	1.99499	2.05913	3.4322	2.72397	2.5807	2.70924	2.76406	3.42345	2.55734	2.48596	3.03645	3.30757	3.2311	3.15278	1.49666	2.17715	1.61864	2.16333	2.33666	2.05913	3.04959	1.74929	2.79285	2.10238	2.20907	1.55563	
13	1.90788	1.22474	1.75499	1.40712	2.10238	1.8	2.80357	2.54165	2.61534	3.07896	2.99333	3.18748	2.40832	2.06398	2.0445	2.48596	2.37908	2.58844	1.76635	1.96469	2.18174	1.86548	1.47648	1.86548	1.65529	2.22711	2.06398	2.05426	2.25832	2.53377	
14	2.23159	1.90263	1.41421	2.00499	1.74356	2.30217	2.79643	2.9189	2.91204	2.67582	2.94279	3.00666	2.41661	2.1166	2.31084	2.16795	1.79444	1.90788	2.14476	1.98997	1.97484	2.08327	1.98997	2.11187	1.69706	1.90788	1.89737	1.67929	1.94936	2.03961	
15	1.16619	1.33417	1.85472	1.30384	1.52971	1.46969	3.09839	2.88444	3.02655	3.14643	2.76767	2.56125	1.90263	1.61245	2.25389	2.09762	1.78326	1.89737	2.09284	1.91833	2.52587	2.13542	1.78326	2.6	1.37113	1.87083	2.62679	1.72627	2.4	2.17715	
16	1.82209	2.03961	1.52971	1.67929	1.41421	1.62481	3.34365	2.61151	2.82135	3.06268	2.84253	2.51396	2.90861	2.22711	2.48596	1.96469	1.83848	2.66458	1.58745	1.94936	2.35372	1.92354	2.33666	1.90263	1.48997	1.62481	1.71464	1.94936	1.59374	1.48324	
17	1.86548	1.42829	1.95959	1.64924	1.8868	1.89209	2.70555	3.04631	2.84605	2.84956	2.88097	2.86705	2.72764	2.16333	2.00499	1.82757	1.70294	2.06398	1.98997	1.67332	2.52982	2.00998	2.28035	2.10238	2.17715	2.28035	1.8	1.65529	1.98997	1.66733	
18	2.4	1.44914	1.95448	1.93391	2.56125	1.6	2.84956	2.76406	3.03974	2.46982	2.97321	2.74955	2.27596	2.14009	2.14476	2.49399	1.98494	2.10238	2.18632	2.1587	1.77764	1.72627	2.12603	1.94422	2.37065	2.13542	1.85472	1.5748	1.96469	1.79444	
19	1.99499	1.74356	1.73205	1.70294	1.82757	2.18632	3.45254	3.03974	2.94279	2.72397	3.0692	3.28024	2.70924	2.24944	2.27156	2.1587	1.69706	2.0445	2	2.19089	1.90263	1.5748	1.86011	1.98494	1.93907	1.88149	2.14942	1.78885	1.73781	1.9799	
20	1.33417	1.48997	1.34164	1.71464	1.67929	1.48324	3.2218	2.73496	2.93258	2.96648	3.0133	2.5807	1.86548	1.88149	1.89737	2.24944	1.91311	1.72627	1.77764	2.13073	1.85472	1.72627	1.86011	2.32809	1.61245	2.11187	2.21811	1.54272	1.91833	2.0347	
21	1.59374	1.64317	1.8	1.65529	1.28062	1.49666	3.4	2.40832	3.11769	3.13369	2.85657	3.02655	3.38231	2.66083	2.0199	2.16333	3.14006	2.80357	2.34947	1.74356	2.1587	1.90788	1.80555	1.87617	2.00998	2.33238	1.69706	2.11187	2	1.90788	
22	1.84932	1.69115	1.44222	1.77764	2.41247	1.94936	4.37035	4.06694	2.94958	3.09516	4.52769	3.78418	5.73411	4.54753	2.17256	1.56205	4.50999	4.58258	1.72047	2.51396	1.83848	2.42487	1.80555	2.22711	1.69115	1.61864	2.42074	2.33238	1.75499	2.27156	
23	2.62298	1.37113	1.08628	2.20907	1.44914	1.46287	5.08527	5.11273	3.40881	3.11448	5.49727	5.07937	5.43323	5.19808	2.31948	3.14325	4.65188	4.78957	1.93391	1.96977	2.28473	1.54272	1.63095	1.79444	2.0347	1.7088	2.56905	2.21811	1.79444	1.59374	
24	1.69115	2.52587	1.56205	1.70294	1.72627	1.31149	5.10686	5.23641	5.73236	5.60179	5.65685	5.87537	5.47723	7.07672	7.83582	5.55878	4.96387	4.02492	1.89209	1.92873	2.35372	2.45357	1.95959	2.07846	2.22711	1.68523	1.95448	2.28473	2.23607	1.56844	
25	1.54272	2.13542	1.28841	1.249	2.4331	1.74356	6.67832	10.7917	9.53415	5.24595	10.1823	7.38241	7.87782	10.245	4.39318	2.74591	8.3857	7.22772	2.00998	1.86548	1.772	1.94936	1.90263	2.0347	2.14942	2.61916	2.11187	1.71464	1.8868	1.91311	
26	1.89209	1.63707	1.37113	1.45602	1.21655	1.54919	9.83667	9.80306	4.92747	4.3382	9.56034	8.01249	9.86103	9.7949	4.94166	4.05463	9.78366	9.60625	1.84391	1.79444	1.94936	2.0445	2.30217	2.10713	2.11187	1.86548	1.5748	2.13073	2.08327	1.55563	
27	1.772	1.67332	1.75499	2.26274	2.54558	2.14009	9.82446	9.39042	7.97621	5.34416	9.96393	8.43801	10.4575	11.6696	3.60555	2.81425	12.1548	11.6979	1.92354	1.96977	1.63095	1.87083	1.93907	1.93907	1.76635	2.28035	1.72047	1.73205	1.86548	2.63439	
28	1.45602	1.45602	1.1225	1.5748	1.59374	2.59615	8.49117	9.08625	7.73822	4.6	9.7632	7.27324	10.9864	10.138	4.11825	3.25883	9.96092	10.1479	3.44384	3.51568	2.26716	1.89737	2.82489	3.09193	1.82209	1.85472	1.98997	2.07364	1.31909	1.70294	
29	1.44914	1.4	1.06771	1.67332	1.10454	1.78326	10.2235	9.23147	6.69179	3.76298	10.3981	10.002	9.73756	10.6386	4.37493	3.05287	9.72934	9.29086	4.05709	5.31601	2.35797	2.50998	4.86621	5.44059	1.7088	1.89209	2.42487	1.7088	1.56205	1.44222	
30	1.19164	1.56844	2.4	1.28841	1.68523	1.46287	10.6546	10.4154	3.54401	3.05941	10.6189	8.85777	9.8813	10.4585	4.58912	3.48999	7.36614	7.57232	3.7921	6.53605	6.2466	6.58787	5.04777	5.6356	1.82209	1.65529	2.25832	1.63095	2.30217	1.96977	
31	1.25698	1.58114	1.75499	1.50997	1.58114	1.51658	10.617	8.02745	3.50714	3.85487	12.1688	9.76422	3.65513	8.23286	3.33766	2.91204	6.42651	7.93095	6.93253	10.8102	11.3296	8.17435	7.02851	5.54256	2.63059	2.25832	1.65529	1.82757	2.00499	1.83303	
32	1.74356	1.47648	1.52315	1.76635	1.3784	1.99499	6.19839	6.14166	3.5242	2.72764	5.80345	5.26878	5.1788	4.47437	2.24054	2.42487	3.58608	3.51283	9.24338	12.4611	5.30094	5.05173	11.1562	11.4499	1.8	1.86548	2.21811	2.09762	1.80555	2.29347	
33	1.66132	1.50997	1.52315	1.85472	1.90263	1.43527	3.89358	5.42218	3.1273	2.99333	6.20484	5.5263	2.13542	2.00998	1.65529	1.51658	2.16795	2.4779	9.02109	14.0464	7.82688	6.89928	11.0354	11.7337	2.11187	1.75499	1.71464	1.73205	2	1.61245	
34	1.51658	1.90788	1.62481	1.13137	1.92354	2.42899	3.61663	3.21248	2.90172	3.00333	3.54683	2.77849	1.72627	1.93907	2.33666	2.16795	2.50998	1.85472	8.97441	13.3626	7.53392	3.63318	10.8167	11.606	1.91833	2.16333	1.46969	1.89209	1.81659	2.18174	
35	2	1.82209	1.60624	1.73205	2.0347	1.41421	2.78568	2.87402	2.70555	3.07246	3.01993	3.32866	2.19545	2.0445	1.87617	1.95448	1.82757	2.13542	9.05207	13.7746	3.96485	3.5242	11.3164	10.6715	1.49666	1.8	2.66458	1.84932	1.3784	1.72627	
36	1.64317	1.63707	1.98997	1.92354	1.28841	1.65529	2.70185	2.96311	2.99666	3.09839	2.80713	3.05941	1.86011	1.92354	2.01494	1.55563	1.98494	2.12132	9.37123	13.7361	4.19524	4.15692	10.6658	11.5776	2.10713	1.67929	1.89737	1.68523	1.96977	1.52971	
37	1.71464	1.78885	1.54272	1.60624	1.2083	2.06398	3.05614	2.78568	2.52982	2.69444	3.04631	2.63439	1.97484	1.85472	2.13542	1.64924	1.79444	1.91833	12.2237	14.4056	4.21663	3.18434	12.9592	11.5585	2.20907	1.69115	1.48997	1.32665	1.39284	2.10713	
38	1.56844	2.00998	1.76068	1.63095	1.86548	2.01494	3.21559	3.20312	2.97658	3.24962	2.92916	2.85657	2.06398	1.54919	2.06398	1.94936	2.13073	1.96977	4.79166	6.17252	3.67151	3.34664	7.40135	5.94138	1.56844	2.38747	1.80555	1.95959	2.12132	1.43527	
39	1.40712	2.22711	1.51658	2.28473	1.36382	1.80555	2.37908	3.03974	2.91204	2.91204	3.09193	2.76043	2.17715	2.04939	2.30217	1.76635	1.84391	2.09762	1.68523	6.22575	2.66458	1.83303	5.59821	5.88218	1.72627	2.498	1.09545	1.38564	1.79444	1.82209	
40	1.84932	1.96469	1.56205	1.76635	1.45602	1.69115	3.03645	2.69815	2.86007	2.93598	3.34664	2.94279	1.95448	1.83848	1.87617	1.84391	1.66132	1.47648	1.82209	1.96977	1.72047	2	1.96469	2.05913	2.08327	1.80555	1.48997	2.39583	1.76635	1.26491	
41	1.58745	2.06398	1.48997	1.44914	1.72627	2.31948	3.09839	2.63059	3.24654	2.38747	2.93258	2.57682	2.08806	2.14476	2.29783	1.79444	1.80555	1.61864	1.83303	1.7088	1.90263	2.07846	1.91833	2.0445	2.31517	2.17256	2.17715	1.98494	1.73781	2.16795	
42	1.93907	2.01494	1.54919	1.50997	1.64924	1.46287	2.70555	3.30757	2.8	2.74226	3.5327	3.39706	2	1.78326	2.12132	2.29347	1.59374	2.07364	1.73205	1.63095	1.81659	2.05913	1.97484	1.78326	1.66132	1.96469	2.26716	1.64924	2.38328	2.12603	
43	1.64924	1.65529	1.76635	1.28062	1.49666	2.30651	3.57211	3.44964	3.39411	3.16228	2.45357	3.00333	2.05426	1.92873	2.0445	2.10238	1.78326	2.09284	1.78326	1.8868	1.63095	2.0347	1.81108	1.772	2.79285	1.87083	1.80555	1.60624	1.72627	1.94936	
44	2.17256	2.26274	1.49666	1.6	1.59374	1.72627	2.72764	2.83549	2.90172	2.26274	2.61534	3.0133	2.24054	1.29615	1.98997	1.71464	2.16333	2.11187	2.502	1.49666	1.95959	2.12132	2.10238	1.82209	1.35647	2.06398	1.69706	1.9799	2.33238	1.68523	
45	1.35647	1.88149	1.61864	1.72047	1.15758	1.63095	2.85307	3.00333	3.19687	3.05614	2.62679	3.20312	2.34521	1.99499	1.97484	2.18632	1.772	2.27596	1.69115	2.00998	2.17715	2.03961	1.97484	2.4331	1.81659	1.96977	1.73781	1.56844	1.6	1.90263	
46	1.65529	1.41421	2.08327	2.20454	1.66132	2.33666	2.62679	2.99666	2.86007	2.89828	3.18434	2.73861	1.89737	1.28841	1.81108	1.86011	2.10713	2.3622	2.14942	1.79444	2.24499	1.83303	1.94422	1.93391	1.59374	2.45357	1.98494	1.50997	2.11187	1.61864	
47	1.54272	1.91833	1.34164	1.72627	1.52971	1.55563	2.84253	2.97321	3.07896	3.29242	2.93598	2.33238	2.0199	1.64317	1.76068	1.94422	1.93391	1.83303	1.87083	2.02485	1.98997	2.29347	2.09284	2.10238	1.58114	1.97484	2.58457	1.38564	2.02485	1.83848	
48	1.64317	1.66733	1.40712	2.54558	1.91311	1.69115	2.98664	2.87054	2.8775	2.58844	2.90172	2.502	1.96977	1.48997	1.80555	1.78326	1.96469	1.96469	1.60624	2	1.92873	1.6	1.89737	1.72627	1.76635	1.90788	1.88149	1.71464	2.13073	2.41247	
49	1.60624	2.23607	1.5748	2	1.38564	1.78326	2.97658	2.63439	2.58457	2.72029	2.74955	2.96311	1.87617	1.36382	2.01494	1.79444	1.91311	1.8868	1.91833	2	2.23607	1.95448	2.02485	2.34521	1.66132	1.62481	1.62481	1.68523	1.66132	2.79643	
50	1.41421	1.71464	1.49666	1.45602	1.96977	1.75499	2.62298	2.81425	2.54165	2.94618	3.04959	2.40416	1.93391	1.67332	1.82757	1.97484	2.14942	1.74356	2.24944	2.20454	1.98494	2.08806	1.89737	1.92873	1.61864	1.58114	2.45764	1.77764	1.72627	1.63095	
51	1.71464	1.89209	1.93907	2.46577	1.69115	1.76635	2.95635	2.46577	2.94279	2.83196	3.00666	3.14643	1.87083	1.87083	2.25832	1.52971	1.8868	1.62481	1.97484	1.84391	2.11187	1.3784	1.73781	2.00499	2.43721	2.03961	2.00998	1.74929	1.64317	2.37065	
52	1.63707	1.3784	1.18322	1.62481	1.249	1.15758	2.58457	2.56515	2.89137	2.44131	2.16795	2.41661	2.05426	2.25389	2.18632	1.81659	1.64924	2.02978	1.89209	1.6	1.89209	2.24054	1.84391	2.14009	1.46969	1.96977	1.98494	1.90263	1.6	1.91311	
53	1.31909	2.79285	1.34907	1.47648	1.59374	1.34164	3.24654	2.63818	3.32566	3.03974	3.03645	2.64953	1.89209	1.49666	2.21359	2.44949	2.28473	2.04939	2.19089	1.85472	2.14009	1.52315	2.07364	1.772	2.18632	2.0347	1.64924	1.85472	1.89737	1.96977	
54	1.53623	1.99499	1.70294	1.59374	1.85472	1.74929	2.58457	2.63439	2.71662	2.62298	3.03315	2.76043	1.44222	2.00499	1.84391	2.05913	2.17256	1.70294	2.12603	1.81659	1.69706	1.5748	1.69115	1.92873	1.69706	2.36643	2.37487	1.58745	1.6	1.42829	
55	1.81659	1.50333	1.59374	1.92873	1.33417	1.70294	2.92916	2.84956	2.9189	3.02655	3.09516	2.69444	1.772	1.80555	1.83848	2.0445	1.76635	2.18632	1.91311	1.78885	1.63707	1.72047	2	1.5748	1.60624	1.74356	1.96469	2.00998	2.61534	2.1587	
56	1.98494	1.5748	2.25389	1.27279	1.93907	1.56205	2.63059	2.60384	3.24037	2.95296	2.87054	3.15595	1.81659	2.06398	1.92873	2.20907	1.97484	1.8868	1.60624	1.46287	1.60624	1.46969	1.68523	2.14476	1.54919	2.54951	1.40712	1.82757	1.72627	1.96977	
57	1.82209	3.14006	1.14018	2.02978	1.73781	1.77764	3	2.64197	2.85657	3.11769	2.77128	2.69815	1.72047	1.772	1.64317	1.94422	1.84932	1.67929	1.96977	1.96469	1.92354	2	2.2	1.61245	2.61916	1.51658	2.53772	1.38564	1.90263	1.86011	
58	2.14942	2.27596	1.77764	1.92354	1.29615	1.38564	2.70185	2.24944	3.29545	3.16228	2.79643	3.46121	1.64924	2.14009	1.772	2.46577	1.83303	1.80555	1.95959	2.02485	2.23159	2.13073	1.69115	2.14009	1.9799	1.79444	1.72047	1.59374	1.64924	1.82757	
59	1.81108	1.70294	1.47648	1.69115	1.84932	1.70294	3.21248	2.41247	2.64953	2.82135	3.31662	2.73496	2.23159	1.88149	1.75499	1.89737	1.80555	1.66733	1.8	2.03961	1.74356	2.11187	1.92354	1.73781	2.0347	2.23159	2.0347	1.90788	1.30384	2.22711	
60	1.93907	1.48324	1.2083	1.82209	1.48324	1.85472	2.75681	2.52982	3.03645	3.24962	2.97658	2.67582	1.80555	1.90788	2.26716	1.67332	1.67929	2	2.70924	1.88149	1.89737	1.52971	2.23159	1.83303	2.27596	1.8868	1.67332	1.85472	1.76635	1.5748	
61	1.46969	1.56844	1.31149	1.70294	1.67332	1.95959	2.92575	2.82843	2.55343	2.70555	2.96985	3.24345	1.76068	1.79444	2.58457	1.6	1.63095	1.85472	2.31084	1.96469	2.05913	1.68523	2.53772	1.75499	1.65529	1.69115	1.94422	1.66733	2.08806	1.54919	
62	1.28841	1.76068	1.53623	1.48997	1.58114	1.70294	2.69072	2.70924	3.05287	3.26497	2.79285	3.43511	2.21359	2.1587	1.90788	1.96977	1.95959	2.04939	1.88149	1.94936	1.91311	2.01494	2.0199	1.94422	1.53623	2.08327	1.73205	1.52971	1.76068	1.61245	
63	1.93907	1.4	1.72047	1.67929	1.82209	1.76635	2.74955	2.22711	3.0692	3.31662	3.15911	3.58608	2.12603	2.02485	2.0199	1.74929	2.64575	2.93939	2.16795	1.96977	1.61864	1.73781	2.23607	1.93907	2.498	2.05426	1.2	1.87617	1.87083	1.89737	
64	1.38564	1.41421	1.64317	1.42829	1.84391	1.59374	3.00333	3.2249	3.02324	2.96311	3.21559	2.99333	2.05913	2.14009	1.75499	1.78326	2.14476	2.18632	1.8	2.04939	2.46171	2.16333	2.20454	1.85472	1.82757	1.99499	1.772	1.71464	1.68523	1.46969	
65	1.70294	1.5748	2.35797	1.87617	1.18322	2.70555	3.24962	2.0445	3.1273	3.1273	2.98664	2.5219	1.98997	1.81108	1.73781	2	1.86011	1.85472	2.29347	1.86011	2.22711	1.99499	2.43721	2.13542	1.83848	2.18632	2	1.58114	2.06398	1.52971	
66	1.63095	1.42127	1.81659	1.59374	1.44914	2.21359	2.72397	2.70924	2.97658	3.02985	2.81425	3.21248	2.02485	1.50997	1.65529	1.81659	1.93391	1.86011	1.66132	1.98997	1.94936	2.09284	2.14009	2.15407	1.62481	2.13542	1.83303	1.23288	1.41421	2.28473	
67	1.27279	1.68523	1.83848	1.74356	1.49666	2.11187	3.01993	2.43721	2.48596	3.2311	3.13369	2.52587	2.09284	1.81108	2.1587	1.8	1.90788	1.96977	1.89209	1.75499	1.56205	1.7088	1.77764	1.64317	1.75499	2.12603	2.00998	1.30384	2.35372	1.64924	
68	1.54919	1.43527	1.76635	1.41421	1.4	1.25698	2.69815	2.45357	2.92233	3	2.94958	2.44131	1.98997	2.13073	2.38328	1.66132	1.86011	1.89209	1.78885	1.70294	1.95448	1.69115	1.59374	1.72047	1.66132	1.93391	1.94422	2.08327	1.43527	1.61245	
69	1.09545	1.52315	1.90263	1.39284	1.69706	1.71464	3.20936	2.9189	3.05614	2.70555	2.46577	2.33238	1.71464	1.82757	2.23159	1.80555	2.03961	1.74929	1.90263	1.772	1.91311	1.91833	1.7088	1.56205	2.08806	2.12132	1.55563	1.84391	1.52315	2.08806	
70	1.30384	1.8	1.6	1.30384	2.12603	2.37065	3.05941	2.88097	2.92233	3.19061	2.45764	2.54558	2.24499	1.31149	2.2	2.06882	1.47648	1.73205	2.06398	2.12603	1.772	1.93907	1.75499	2.32809	1.92873	1.73205	2.13542	2.07364	1.80555	2.67955	
71	1.59374	2.3622	1.772	1.56844	1.56844	1.55563	3.57211	3.27414	3.2249	2.85307	3.06594	2.72397	2.18632	1.87083	2.20454	2.05913	1.92354	2.14476	2.28473	1.58745	2.05913	1.772	1.81108	1.89737	2.57682	2.02978	2.29347	2.13073	2	2.13542	
72	1.38564	1.772	3.57211	1.3784	1.53623	1.69115	3.13688	2.76767	2.92916	3.09839	2.66458	2.40832	1.66733	1.85472	1.70294	1.94422	2.11187	1.82209	2.12132	1.74929	2.18174	1.84932	1.65529	2.16795	3.80789	2.25389	2.05426	2.71662	2.58457	2.43721	
73	1.68523	1.69115	1.45602	1.3784	1.72627	1.64924	3.31059	3.05287	3.06594	2.498	3.15278	2.4779	1.48997	1.99499	1.8868	1.74929	1.33417	1.81108	2.31084	2.01494	1.84391	1.81108	1.81659	1.83848	3	3.228	1.85472	2.10713	2.24054	2.04939	
74	1.56205	1.44222	1.45602	1.85472	1.18322	1.22474	2.70185	2.30217	3.26803	3.45254	3.04302	2.46171	2.05913	1.98997	2.02978	1.74356	1.79444	2.04939	1.80555	2.17715	1.77764	1.78326	1.79444	1.91311	4.42493	4.09145	1.56844	2.1166	3.39117	2.88791	
75	1.70294	1.44914	1.28841	1.61245	1.66733	1.73781	3.2187	2.63439	3.1496	2.74591	3.37639	3.0692	2.37908	1.83848	2.03961	2.10713	1.64317	2.07846	1.85472	1.72627	2.1587	1.79444	1.92873	1.74929	4.08167	4.17612	1.16619	2.27156	4.53652	3.70135	
76	1.87083	1.31909	1.75499	1.61864	1.79444	1.772	3.4	3.13369	2.69815	2.67582	3.91408	2.74591	2.25832	1.40712	2.00499	2.01494	1.95959	1.81108	1.46969	1.93907	1.86011	1.8868	2.01494	1.71464	6.27694	6.31348	1.92873	2.23159	5.56237	4.67974	
77	1.56844	1.47648	1.92354	1.88149	1.61864	2.06882	2.71662	2.50599	3.34365	2.76406	2.98998	2.69072	2.05426	1.72627	1.93907	2.24054	1.97484	1.95448	2.05426	1.95448	1.82757	2.21811	2.31084	1.95448	5.18459	6.74981	2.24499	1.96469	5.87197	6.04649	
78	1.76635	1.74356	1	1.80555	2.00499	1.58114	2.43721	3.11127	2.6	3.45543	3.19687	2.60384	2.15407	1.93907	2.0347	2.0199	1.92354	2.22261	1.63095	1.90263	1.68523	2.04939	1.81659	1.60624	5.43139	6.77052	2.44131	3.937	5.07543	7.15542	
79	1.55563	1.64924	1.52971	1.66733	1.34907	1.96469	2.86007	3.00998	2.35797	3.1209	2.69444	3.56931	1.772	2.05913	1.92873	1.75499	1.62481	1.76068	2.08806	1.98494	1.61864	1.88149	1.70294	1.54272	4.87852	7.53525	5.15946	4.55631	6.05475	5.47175	
80	2.07364	2.1166	1.35647	1.39284	2.11187	1.91311	2.58844	2.67208	2.62298	2.16333	2.2891	2.93598	1.99499	1.82757	1.71464	1.90788	1.84391	1.93391	1.9799	1.81659	1.92354	2.00499	1.78326	1.89209	4.76235	7.59737	4.52327	5.55878	7.28972	6.18223	
81	1.50997	1.82209	1.3784	1.84932	1.54919	1.82209	2.86705	2.93598	3.16544	2.90861	2.61534	2.82843	1.9799	2.06882	1.93907	2.00499	1.95448	1.81659	2.1166	1.63707	2.36643	1.81659	2.14009	1.81108	10.346	11.4219	8.28613	6.43428	7.6	6.60303	
82	1.73781	1.55563	1.42829	1.80555	1.56844	2.34947	3.1241	2.33238	2.86356	2.81069	3.1273	2.73861	1.63095	1.74929	1.92873	2.0199	1.90263	1.94422	1.80555	1.88149	2.10713	1.77764	1.93391	1.79444	10.9709	12.518	9.43928	5.20192	9.86408	10.4393	
83	1.75499	1.41421	1.51658	1.64924	1.60624	1.95959	2.78927	2.85657	3.11769	2.54558	3.64143	2.64575	2.35372	2.26716	1.93391	2.00998	1.68523	1.82209	1.82757	1.83848	2.16795	2.51396	1.95448	2.08327	13.0461	12.5212	5.42955	3.93954	11.939	9.09505	
84	1.59374	2.19545	2.67208	2.64953	1.43527	1.42127	3.1305	2.57294	2.34521	2.49399	2.91204	3.1209	1.8868	2.14009	2.09284	2.13542	1.65529	1.84932	1.73205	1.72047	1.94936	2.01494	1.69706	1.86011	10.375	11.8592	4.49889	2.62298	12.6539	10.5138	
85	1.63095	1.17473	1.33417	1.249	1.73781	1.95448	3.08869	2.84253	2.58844	3.43511	3.0133	2.74226	2.14009	1.78885	2.2891	1.95959	1.31149	1.5748	2.09284	1.76068	2.34947	1.94936	1.84932	1.85472	9.44352	12.3037	4.63897	4.34051	12.0698	10.6555	
86	1.84391	1.49666	1.34907	1.59374	1.21655	2.24054	2.53772	2.75318	3.2311	3.31361	3.03974	2.51396	1.74356	2.14476	2.10238	1.56844	1.64924	1.67332	1.81108	2.02485	1.83848	1.84932	2.05426	1.91833	5.48817	7.4027	4.93356	3.61663	6.67683	8.55219	
87	1.15758	1.89737	1.41421	1.75499	2.14942	1.78326	2.80357	3.14643	3.69324	2.42487	2.502	2.96311	2.02978	1.93391	2.14009	1.48997	1.44914	2.20454	1.68523	1.8	1.74929	2.07364	1.99499	1.98997	5.70438	5.73934	2.61916	1.90788	5.69561	7.5591	
88	1.47648	1.74356	1.86011	1.72047	1.37113	2.34947	2.67955	2.86705	3.1209	2.94958	3.13369	2.66083	1.94422	1.91833	1.8868	2.13073	2.1166	1.89737	1.73205	1.79444	1.4	2.02485	1.96977	1.82209	4.86415	5.43323	3.5327	1.89209	5.56237	4.14246	
89	1.93907	2.31517	1.64924	1.28841	2.57682	1.54919	3.05287	2.71293	2.69815	3.02324	2.64575	2.64197	2.12132	1.70294	2.17256	1.84391	1.98997	2.1587	2.05913	1.63095	1.78326	1.74356	2.04939	2.0199	1.76068	6.24179	1.7088	1.62481	4.61519	4.49444	
90	1.90788	1.90788	1.5748	1.34907	1.61864	2.00499	2.41247	2.82843	3.04959	3.2218	2.77128	2.68328	2.26274	1.8	1.90263	1.93391	1.71464	1.81108	1.72627	2.17715	1.95959	2.0347	1.99499	1.73781	1.97484	2.06882	1.52971	1.772	3.17175	5.24404	
91	1.44222	1.64317	1.84391	1.86011	1.76068	1.42127	2.61916	2.80713	2.96311	3.36749	2.98998	2.37065	2.00998	1.88149	2.13073	1.98997	1.89737	1.86548	2.31517	1.65529	1.91833	1.94422	2.25832	1.92873	1.6	1.60624	1.71464	1.52315	1.74929	2.00998	
92	1.3784	1.5748	1.62481	1.50997	1.25698	1.52971	3.21248	3.18748	3.11769	2.99666	3.228	2.64575	1.98494	1.81108	2.32379	2.09762	1.72627	2	2.3622	1.72627	1.54272	2.28035	1.74356	1.74929	1.97484	1.82757	1.77764	1.32665	1.772	2.33666	
93	1.53623	1.91311	2.31084	1.89209	1.77764	1.772	2.84956	3.10805	3.11769	2.78209	2.58457	2.84253	1.69706	1.82757	2.09762	1.772	1.61245	1.9799	2.18632	1.79444	1.89209	1.69115	1.88149	2.0347	1.66733	2.00499	1.67929	1.66733	2.0347	1.21655	
94	2.01494	1.1225	1.6	1.69115	1.62481	1.40712	2.8775	3.02324	2.64953	3.06594	2.81425	2.69072	2.14476	1.60624	2.02978	1.62481	1.82757	1.67332	1.96469	1.91833	1.8868	2.0199	1.94936	1.80555	2.93258	1.74356	1.42829	1.61245	1.64317	1.61864	
95	2.06398	1.72627	1.40712	2.01494	1.24097	1.8	3.2	2.76043	3.32566	2.66458	2.99333	3.2249	2.18632	1.82209	1.64317	1.96977	2.02485	2.04939	2.18174	1.71464	1.73781	2.01494	1.73781	1.89209	2.2891	1.64924	2.25389	1.53623	1.93907	2.39165	
96	1.86011	1.54272	1.55563	1.36382	1.3784	1.82757	3.04302	2.70555	2.7313	3.05941	3.0692	2.83549	2.31084	2.1587	2.50998	1.83303	1.96977	1.83303	2.07846	1.91311	1.56205	1.89737	2.44949	2.25389	1.37113	1.94936	1.49666	1.77764	1.64317	1.31149	
97	1.46969	1.92354	1.63095	1.43527	1.58114	2.5923	2.71662	2.49399	2.29347	3.32566	3.09516	2.63439	2.0445	1.87617	1.91311	2.17256	1.9799	1.9799	1.69706	1.65529	2.15407	1.95959	1.72627	1.78885	2.40832	1.56205	1.37113	1.54272	1.83303	1.48997	
98	1.93391	1.70294	2.8775	1.82757	1.42829	2.21359	2.64197	2.60768	2.89137	3.40294	2.93598	2.90172	1.92873	2.02485	2.24944	2.82135	1.82209	2.26274	2.26716	1.78326	1.72047	1.83848	2.23159	2.29347	2.08327	1.86548	1.44222	1.46969	2.42899	2.09284	
99	1.4	1.42829	1.85472	1.34164	1.83848	2.21359	3.61663	2.79643	3.31964	3.41467	2.64197	2.13542	1.91311	1.72047	1.83848	2.16333	1.75499	1.96469	1.74929	1.80555	2.17256	1.73781	1.96469	1.87083	1.93907	1.6	1.92354	1.63095	1.63095	2.18174	
100	2.48193	1.86011	1.58114	1.73205	1.67332	2.21811	4.14729	4.13038	3.30151	2.51794	3.58608	2.88097	1.69115	2.09284	2.53772	1.92354	1.76068	2.29783	1.71464	2.15407	2.40416	1.72627	1.81108	2.02485	1.75499	1.67929	2.08806	1.56844	2.20454	1.40712	
101	1.69115	1.71464	2.97658	1.69115	1.25698	1.75499	5.02195	4.69042	2.9189	3.13688	3.46987	3.36452	1.9799	1.87083	2.42487	1.64317	1.6	1.92354	2.04939	1.62481	2.06398	2.04939	1.83848	1.79444	2.10238	1.71464	1.34907	2.07846	1.76635	1.56205	
102	1.76068	1.53623	1.48997	2.4454	1.67332	1.92873	3.03645	2.69815	2.68328	3.08545	3.19061	3.33467	1.84391	2.20454	1.83848	1.90263	1.63095	1.81659	1.69115	2.10238	1.772	1.65529	1.772	1.94936	1.95448	2.05426	2.10238	2.23607	2.32379	1.7088	
103	2.02485	1.39284	1.89209	1.73781	1.96469	1.96977	3.61939	2.9189	2.38747	3.00998	3	2.94279	2.12603	2.14942	1.69115	2.02485	1.79444	1.63707	1.84932	2.00998	2.14476	2.05426	2.14942	1.79444	1.74356	1.67929	2.19545	1.82209	1.91833	2.07846	
104	2.0445	1.67929	1.3784	1.3784	2.66458	2.64953	3.73631	3.42929	2.94618	2.87402	2.93939	3.03645	1.97484	1.90263	2.18632	1.78326	2.1587	1.92873	2.16333	2.20454	2.75318	2.12132	2.17256	2.31084	2.20907	1.94936	1.89737	1.51658	1.92354	1.84391	
105	1.29615	1.18322	1.50333	1.45602	1.31149	1.50333	3.01662	2.87054	3.31361	3.61663	4.03733	3.9064	2.58844	2.60768	2.94958	2	1.9799	2.14009	2.14942	2.69072	1.69706	1.69115	1.74929	2.72764	2.56125	1.66733	1.42829	1.2083	2.27596	1.56844	
106	1.36382	1.38564	1.40712	1.5748	1.80555	1.64924	4.70744	3.85487	4.39318	3.08869	4.28952	3.83927	2.35797	2.54951	2.95635	1.66733	2.14476	2.02485	1.51658	2.38328	1.86011	1.90263	1.8868	2.70185	1.5748	1.75499	3.30454	1.34164	1.7088	1.64924	
107	1.49666	2.19089	1.98494	1.79444	1.82209	1.39284	4.96387	4.47884	3.64692	2.69444	2.90861	2.84605	1.88149	1.68523	2.01494	2.18174	2.23159	1.92873	1.60624	1.76635	1.93907	2.31517	1.72047	2.43721	1.61864	1.96977	1.80555	1.8868	1.84932	2.08327	
108	1.54272	1.50997	1.83303	1.34907	2.08806	1.59374	4.28252	2.91548	2.34094	3.19374	2.92575	2.58844	2.0199	2.19545	2.00499	2.12132	1.64317	2.46171	2.22711	2.32379	2.2891	2.0445	2.24499	2.0199	1.73781	1.58114	1.85472	1.56844	1.71464	1.36382	
109	1.6	1.70294	1.44222	1.81659	1.5748	1.66733	2.94958	2.84605	3.2249	2.72764	3.51568	2.80713	1.86011	1.90263	1.98494	1.96469	2.19089	1.82209	2.07364	2.62679	2.42899	2.04939	1.81108	2.20454	2.03961	1.87617	2.44949	1.69706	1.72047	1.58745	
110	1.67929	1.91833	1.68523	14.9559	1.31149	1.772	3.95727	3.2619	2.63059	2.47386	2.83196	3.73631	2.27156	1.7088	1.98494	2.30651	2.10713	2.94279	2.19089	2.33666	1.92873	2.18632	2.15407	2.16333	1.76068	1.44914	1.50333	1.69706	2.14009	1.5748	
111	2.22711	1.91833	2.07846	1.45602	1.41421	2.52587	3.17175	3.29242	2.90517	2.82843	3.50714	3.61939	2.24499	1.90788	2.25832	1.98997	2.29783	2.42487	2.4331	2.31084	2.14009	2.11187	2.61151	2.81425	1.56205	1.58114	1.3784	1.53623	1.56844	2.00499	
112	1.36382	1.46969	1.44222	1.53623	2.29783	1.52971	2.92575	3.38526	3.01993	2.82489	3.20312	3.15278	1.93907	2.1587	1.66132	1.92354	1.89737	2.24054	1.84932	2.29347	1.69706	1.79444	1.81108	1.55563	1.52971	1.63095	1.84932	1.45602	2.28473	1.70294	
113	1.25698	2.06398	1.37113	1.78326	1.16619	2.05426	3.65787	3.10161	2.38747	3.02655	2.58844	3.03315	1.92354	1.84932	1.83303	2.33666	1.72047	1.52971	2.2	1.78885	2.14942	1.90788	2.08806	2.07364	1.92873	1.62481	1.91833	1.41421	1.71464	1.6	
114	1.91833	2.28473	1.50333	1.85472	2.21359	1.78885	3.58608	2.28473	2.64197	2.70924	3.24345	3.2249	1.86548	1.772	2.06882	2.04939	2.06398	1.99499	2.09762	2.10713	2.19089	1.54919	2.19545	1.81659	1.67929	1.83303	1.38564	1.80555	1.67332	1.87617	
115	1.64924	1.84391	1.28062	2.10713	1.97484	1.41421	3.0692	3.06594	2.63439	3.17805	3.18119	2.64953	1.92873	2.51396	2.95973	1.99499	2.43721	2.24499	2.37908	2.27596	2.09284	1.86548	1.92873	2.00998	1.8	2	1.84932	2.4331	1.98997	2.18632	
116	1.64317	1.69706	1.29615	1.76068	2.30651	1.772	3.0692	2.81069	2.55734	3.2619	3.31662	3.02655	2.498	2.29783	2.64197	1.82757	2.42487	2.42487	2.48193	2.00998	1.90263	1.84391	2.03961	1.98494	1.76068	1.76635	1.82757	1.46969	1.44914	1.60624	
117	1.28841	1.48324	1.58745	1.63095	1.42127	1.56844	2.74591	3.33766	3.28634	2.69072	3.08545	2.7313	1.99499	1.94422	2.58457	2.09284	1.89209	1.6	1.92354	2.32809	1.85472	2.16333	1.58114	2.26274	1.64317	2.00998	1.8	2.11187	2.20454	1.88149	
118	1.52315	1.83303	1.78885	1.56844	1.60624	1.74929	3.18119	3.02985	2.79285	3.27414	3.20312	2.86705	1.96469	2.28035	1.88149	1.82209	1.49666	1.50333	1.94936	1.58114	1.44222	1.90788	1.86011	1.61245	1.98494	1.74929	2.18632	1.55563	1.82209	1.79444	
119	1.17473	1.64317	1.55563	1.46287	1.9799	1.54272	3.04631	3.35857	3.06594	2.92916	2.73496	2.67582	1.97484	1.94936	1.92354	1.78326	1.88149	1.81108	2.24054	1.70294	2.74955	1.91311	2.29347	1.80555	1.89737	2.06882	1.75499	1.63707	2.10238	1.74356	
120	1.42829	2.04939	1.50333	1.43527	1.53623	1.52971	3.65513	2.90861	2.48596	3.26803	3.29848	2.39583	2.26274	2.24054	2.31084	1.61864	1.92873	1.96977	2.12132	2.27156	2.89137	1.93391	2.29347	2.28473	2.18174	1.64924	1.38564	1.50997	1.58114	1.42829	
121	1.2	1.80555	1.19164	1.46287	2.0199	1.58745	2.16333	2.42074	2.08327	2.87402	2.72029	2.97993	1.83303	2.71293	2.32379	2.07846	2.06882	2.1587	2.13073	1.92873	2.53377	2.3622	1.63095	2.13542	2.31517	1.95959	1.80555	1.6	1.67332	1.64924	
122	2.34094	1.34164	1.90263	1.64924	1.55563	1.69706	2.74955	2.502	2.58457	2.43721	3.15911	3.07246	1.92354	2.20907	1.76635	1.97484	1.79444	2.04939	1.85472	2.34947	2.19545	2.08806	1.92354	1.81659	1.65529	2.31084	2.6533	1.93391	2.0347	1.64317	
123	1.50997	1.76635	1.56205	1.92873	1.86011	2.05426	3.39706	2.49399	3.72022	3.26803	2.92575	3.2	1.81108	1.67929	1.66132	2.00998	1.63095	2.28473	1.78326	2.11187	2.41247	1.77764	2.1166	1.90788	1.3784	1.89737	2.31084	1.56844	1.54272	3.18434	
124	1.46287	1.61864	1.64317	1.58114	1.50333	1.37113	3.11769	3.4	3.33167	3.07246	2.88097	3.24037	1.9799	2.24054	2.20454	2.66458	1.76635	2.12603	2.37908	2.11187	1.772	1.93907	1.61245	2.10713	2.22261	1.94936	1.94936	1.772	1.79444	1.60624	
125	1.2	1.78885	1.44914	1.46969	1.2	1.87617	3.79737	3.13688	5.27826	5.90593	4.70319	4.49444	2.19089	2.45764	2.78568	2.32379	2.44949	2.70555	2.30651	1.79444	1.78326	2.04939	1.58745	2.20454	1.8	1.79444	1.52971	1.44914	1.8868	1.50333	
126	1.87083	2.83549	1.28841	1.66132	2.16795	1.28062	5.4111	4.78539	6.94118	7.18471	5.74978	6.36082	4.05956	3.85487	4.58694	3.36749	3.94715	3.60832	1.62481	2.30651	1.74356	2.13542	1.81659	2.21811	1.69706	2.37065	2.50599	1.38564	2.09284	1.63095	
127	2.4331	1.93391	1.43527	1.44914	2.07364	2.1166	6.63325	6.65883	7.31027	6.79706	5.4626	5.57674	4.19285	4.72017	3.10484	2.74226	5.26498	4.63897	1.64317	2.28035	1.99499	2.21359	2.27596	2.40832	1.56205	1.98494	1.59374	2.11187	1.47648	1.45602	
128	1.42127	1.96977	1.95959	1.9799	1.23288	1.8868	9.00999	9.65816	5.57136	3.60832	8.85212	8.51117	7.18053	6.26259	4.0398	4.005	5.49545	4.53431	1.65529	1.84391	2.54165	2.16795	2.17715	2.44949	1.64924	1.82209	1.28841	1.61864	2.04939	1.87617	
129	1.3784	1.91311	1.42127	2.4454	1.31149	1.71464	8.67064	10.0319	4.77703	4.40681	9.19891	8.46877	8.77155	9.16079	5.51906	4.57602	9.65609	8.7909	1.89209	1.71464	3.04631	2.4779	2.42899	1.92354	1.98494	1.91833	2.07846	2.40416	2.12603	2.38747	
130	2.61534	1.78885	1.28841	1.45602	1.44914	1.74356	9.92069	9.78468	4.91528	3.50714	8.93196	9.42762	9.55615	10.284	4.18808	2.74955	9.88231	8.75785	1.97484	2.40416	2.498	2.2891	2.34521	2.17256	1.50333	1.68523	1.69706	1.4	1.52971	1.54272	
131	1.72627	1.68523	1.72047	1.60624	1.30384	1.7088	9.55301	11.726	4.32666	3.89872	9.57392	9.17715	9.55615	9.78877	3.43511	3.1686	8.54517	8.27043	2.4779	2.38328	2.84253	2.77128	2.45764	2.18174	1.42829	2.12603	1.56844	1.81659	2.04939	1.27279	
132	1.22474	1.93391	1.32665	1.30384	1.96469	1.95448	12.1828	11.703	4.9051	5.94138	10.3305	9.85089	6.88477	8.47821	3.36749	4.15692	8.03368	9.51735	3.54401	3.98246	3.52987	3.40294	4.50111	3.24037	1.73205	1.55563	1.62481	1.46969	1.61245	1.80555	
133	3.28024	1.58745	1.50333	2.00499	1.67929	1.54272	13.5853	13.6792	5.06162	4.38178	12.3329	12.4056	6.63174	6.61665	5.56417	3.51568	7.65114	7.8256	5.74456	6.69627	6.53452	6.50077	3.8833	4.94166	1.772	1.7088	1.66132	1.56844	1.52971	1.48324	
134	1.89209	2.13542	1.58745	1.85472	1.26491	1.51658	13.1681	15.5583	5.28772	6.55286	10.4995	14.1527	6.99428	7.24983	4.61303	3.63043	7.50733	6.63023	9.50473	11.7907	8.39524	4.65188	9.97096	8.42734	1.67332	1.83303	1.88149	1.37113	1.76635	1.89209	
135	1.84391	1.53623	1.99499	1.91311	1.76635	1.5748	5.09706	4.91935	4.31045	3.26803	4.86004	5.25167	3.0133	5.002	4.10853	2.30217	7.02851	9.19348	10.7452	12.0946	4.75184	4.61303	9.97898	10.5849	1.88149	1.83848	2.06398	1.78885	1.4	1.72047	
136	1.72627	1.82209	2.06398	1.2	2.0445	1.3784	3.01662	3.48425	3.54683	3.24037	3.24345	3.02985	5.68859	6.05145	5.83095	4.54313	6.38122	6.60606	9.90757	14.51	5.46626	2.48998	10.4508	10.6536	2.13542	2.02978	1.66132	1.44222	1.95448	1.69706	
137	1.58114	1.91833	1.70294	1.44914	1.37113	1.41421	4.34511	3.85746	5.04381	3.26803	4.48999	4.10122	5.68859	7.14423	8.08332	5.75152	7.67333	9.24986	9.96895	13.53	3.24037	2.23607	10.2029	10.8628	1.69115	1.69706	1.97484	1.75499	1.73205	1.50997	
138	2.67955	1.64317	1.8868	2.0445	1.772	2.26274	2.99666	3.42929	4.9051	3.36749	3.47851	3.28634	3.58329	3.08545	4.34051	3.69865	4.07676	5.22685	10.3131	13.8881	2.87402	2.35797	11.1768	10.9836	1.87617	1.76068	1.8	1.61864	1.85472	1.64317	
139	1.9799	1.73205	1.59374	1.90263	1.50333	1.54919	3.48138	3.46121	2.77849	3.10161	3.20624	3.14325	5.4111	6.08933	7.09366	5.53173	6.00999	7.12741	11.2792	13.5137	2.8178	2.26274	12.1918	12.1902	1.50333	2.00499	1.78326	1.48997	1.78885	2.08806	
140	2.00998	1.72047	1.50333	1.59374	1.42127	1.48997	4.24735	4.4699	3.79737	4.65618	4.62169	4.15211	7.56307	8.60233	11.0336	7.6629	10.7042	11.3991	12.6079	15.1908	2.64197	5.77927	15.2506	12.9058	1.76068	1.45602	2.19545	1.76068	1.63707	1.90263	
141	1.86548	1.48324	1.80555	1.6	1.1225	1.76635	5.54437	5.09117	6.07289	5.46443	6.02993	5.02991	5.13809	5.3535	7.1638	4.88057	7.2111	9.47101	4.50999	4.65618	2.70185	2.22711	4.05463	5.8258	1.95448	1.69706	1.86548	1.63707	2.07364	1.51658	
142	1.85472	1.98494	1.84391	1.249	1.72047	2.00998	3.9724	3.5242	5.73934	3.86264	5.31601	4.15452	1.87617	2.83901	2.95296	2.42487	3.00998	3.08221	2.498	1.84932	2.21359	2.34094	2.44949	4.81456	1.55563	1.87617	1.89209	1.78885	1.69706	1.56844	
143	1.61864	1.83848	1.56205	1.52315	1.73781	2.2	2.77489	2.82489	3.09193	2.66083	3.27414	2.53772	4.53431	6.0349	6.72904	5.38145	7.05124	7.08378	2.40832	2.49399	3.64692	2.1166	2.90172	2.82489	1.98494	1.49666	1.74356	1.72047	1.46287	1.61864	
144	1.46969	2.02978	1.46287	1.32665	1.48324	1.76635	3.82099	4.09145	4.61519	3.25576	4.45646	4.16173	5.27447	5.92284	6.33403	5.69912	6.61362	9.7949	2.64197	2.50998	3.02655	1.81108	2.22261	2.19089	1.87617	1.79444	1.64317	2.16795	2.05913	1.82209	
145	1.66733	1.56205	1.31149	1.80555	1.44222	1.4	3.77094	3.5609	3.91152	3.68782	3.61939	3.46699	2.59615	2.05913	2.67582	2.64953	3.01662	4.67333	2.04939	1.8	1.64317	2.0199	1.93391	2.69815	1.54919	1.81659	1.72047	1.48324	1.48997	1.54272	
146	2.24499	1.31909	1.76068	2.1166	2.83196	1.64924	3.0692	2.91204	3.14643	2.90861	3.66606	2.71293	3.24037	3.88587	4.46542	3.97744	4.42719	4.6	1.56844	2.1166	2.37908	1.76635	2.00499	2.22261	1.249	1.62481	2.70185	1.77764	1.75499	1.37113	
147	1.73205	1.94422	2.0347	1.34164	1.71464	1.37113	4.005	3.85227	4.33359	3.17805	4.01497	4.07185	4.04969	4.05956	4.18808	4.66905	5.11468	7.24293	2.09762	2.04939	2.60768	1.91311	2.15407	1.95959	1.68523	1.72047	1.5748	1.86548	1.88149	1.37113	
148	1.61245	1.94422	1.58114	1.48997	1.82209	1.63095	4.18808	3.32866	4.47437	4.03237	3.83145	4.04228	2.17715	1.90263	2.52587	3.46987	2.75318	5.33292	2.84253	2.0347	1.66132	1.87083	2.05426	2.34947	1.89209	1.84932	1.31909	1.44914	1.90263	1.2	
149	2.09762	1.42127	1.67332	1.42829	1.92873	2.56125	2.90517	3.35857	3.15278	4.56946	3.37046	3.81314	1.86548	2.23607	1.93391	1.99499	1.91311	1.81659	1.95959	2.12132	2.21811	1.91311	1.70294	1.64317	1.73205	1.98494	2.00499	1.51658	2.09284	1.75499	
150	1.41421	1.78885	1.80555	1.72047	1.49666	1.82757	3.10805	2.89828	3.27719	3.57771	2.69815	2.80713	2.38747	2.13073	2.26716	2.30217	1.62481	2.34521	2.88444	2.0445	2.46171	2.10238	1.87617	2.16333	2.08806	2.23159	1.90263	2.07846	1.81659	2.20907	
151	2.21359	2.49399	1.66132	1.56844	1.50997	1.36382	2.66833	2.78927	2.62679	2.74955	2.58457	3.20936	2.02485	2.11187	2.46171	2.19545	1.46969	2.4331	2.0199	2.30217	2.54165	1.61245	2.02978	1.84391	1.72627	1.83848	1.69115	2	2.09762	1.76635	
152	1.32665	1.74929	1.82209	1.82757	1.7088	1.48324	2.95296	1.99499	2.91548	2.50599	2.85657	2.5219	1.97484	1.94936	1.98494	2.53377	2.59615	2.86705	1.46287	1.61245	2.27156	1.76635	1.87617	2.11187	1.80555	1.56205	1.72627	1.90263	1.6	2.31948	
153	1.61864	1.54919	1.29615	1.92354	1.15758	1.73205	3.42053	2.90172	2.35797	2.91548	2.92575	2.44131	2.90861	2.89828	3.07896	1.99499	3.4641	2.49399	2.45357	2.26716	2.45357	1.84391	2.14009	1.95448	1.97484	1.87617	1.67332	1.55563	2.17256	1.15758	
154	1.40712	1.73205	1.44222	1.40712	1.43527	1.73781	3.07571	3.40881	3.02324	2.72029	3.38231	3.19374	2.45764	2.66833	2.03961	2.0445	2.6533	2.12132	2.81425	2.41661	1.63095	2.15407	1.64317	1.95959	1.82209	1.66733	1.74929	1.58114	1.61245	2.24054	
155	1.61864	1.74356	1.4	1.97484	1.44222	1.80555	3.37343	3.05941	3.04302	4.08656	3.29545	2.94279	1.88149	2.13542	2.22711	2.62298	2.36643	2.38328	1.80555	1.90788	1.66733	1.82209	1.80555	2.37908	2.54951	1.5748	1.67332	1.53623	2.0199	2.502	
156	1.92354	2.30217	1.55563	1.83848	1.34907	1.61864	3.24654	3.1209	3.40588	3.98497	2.96985	3.14325	3.02985	3.24345	3.80526	2.57682	4.39318	3.24037	3.41467	3.07896	2.26274	1.40712	1.67929	2.15407	1.68523	1.98997	1.89737	1.81659	1.44222	2.20454	
157	1.44914	1.55563	1.34907	1.50997	1.44914	1.16619	3.07896	2.85307	3.07246	3.44384	2.77128	2.56905	2.83196	3.24037	3.57771	1.80555	2.69444	3.17175	3.54401	2.6	2.0199	1.83848	2.1587	1.77764	1.49666	2.13073	1.55563	1.98494	1.46287	1.69706	
158	1.26491	2.00998	1.88149	1.4	1.42829	1.67332	2.79285	2.97658	2.11187	2.69815	3.20936	2.91548	1.93907	1.86011	2.17256	2.31517	1.82209	1.77764	2.81425	2.16333	2.2891	1.70294	2.1587	1.96977	1.73205	1.89209	1.85472	1.37113	1.23288	1.91833	
159	2.05426	2.04939	1.96977	1.41421	1.71464	1.54272	2.6	2.97993	2.99333	2.86705	2.61534	2.39165	1.8	1.76635	2.24499	1.65529	1.61864	2.0445	2.12603	2.12132	1.84391	1.87617	1.72627	2.02978	1.89737	1.94936	1.56844	1.39284	2.22261	1.82757	
160	1.39284	1.74356	1.5748	2.18632	1.56205	2.41247	2.45357	2.5219	2.68328	3.17175	2.69815	2.68328	2.24944	1.91311	2.03961	2.28035	2.8	2.69444	2.75318	2.14009	2.02485	2.1166	2.08806	2.10713	1.44222	1.68523	2.07846	2.34094	1.49666	1.8868	
161	1.58745	1.61864	2.12132	1.51658	1.43527	1.77764	3.31059	3.10484	2.72397	3.21248	2.76767	2.93939	2.31084	1.8868	1.97484	2.06882	2.15407	2.08806	1.76068	1.94422	1.90788	2.09762	2.04939	2.50599	1.95959	1.67929	1.48997	1.7088	1.75499	1.53623	
162	1.34907	1.83848	1.77764	1.53623	1.64924	1.71464	3.10805	2.78568	3.2	3.31964	2.95635	2.87054	2.0199	1.89209	1.772	1.99499	1.63707	2.00998	2.71662	1.97484	2.22711	2.13073	2.09284	1.83303	1.95448	1.92873	1.249	1.46287	1.51658	1.66132	
163	1.80555	1.7088	2.00998	1.58114	1.19164	1.07703	2.94958	2.70555	2.89482	2.5219	3.25883	2.5807	1.62481	1.80555	1.96977	2.55734	1.94422	1.98997	3.11448	2.51794	1.96977	1.72627	1.82209	2.09762	1.8868	1.87617	2.21811	1.53623	1.61864	1.61864	
164	1.82757	1.59374	1.72627	1.42127	1.98494	1.56844	2.57294	3.46987	2.76406	2.63818	2.61916	2.35372	2.0445	2.26716	2.15407	2.06882	1.99499	2.72029	2.25389	1.84391	1.54919	1.95959	2.06398	2.16333	1.37113	1.44914	1.93391	1.67332	1.5748	1.8868	
165	1.48324	1.54272	1.56844	1.64924	1.50997	1.59374	3.00666	3.42637	3.6	2.93258	2.89482	2.53772	2.50599	2.53772	3.00333	2.0347	1.79444	2.64197	2.20454	1.99499	1.63095	2.22261	1.94422	1.91311	1.72047	2.05913	2.63818	1.74356	1.44914	1.27279	
166	1.7088	1.32665	1.64924	2.77128	1.62481	1.83848	2.45764	2.69444	3.06594	3.14325	3.15911	3.16228	2.5219	2.5219	2.24054	1.9799	2.30651	2.45764	2.68328	2.14476	1.7088	1.92354	2.00499	2.23607	2.07846	1.85472	2.08806	2.1166	1.51658	1.72627	
167	1.49666	1.78326	1.99499	1.28841	2.67208	1.54919	2.68328	3.31964	2.66833	2.50998	3.45832	2.96648	2.51396	2.17256	2.0347	1.62481	1.67332	1.98997	2.19089	1.97484	1.69706	1.92354	1.7088	2.68701	1.82209	1.35647	1.96977	1.67332	2.00499	1.41421	
168	1.90263	1.5748	1.94422	1.99499	1.772	1.98997	2.93939	2.68328	2.75318	3.55246	2.59615	3.19061	2.31084	1.44914	2.24944	2.10713	1.5748	1.71464	2.20907	1.84932	1.92354	2.14476	1.99499	1.90788	1.74356	1.62481	1.89209	1.74356	1.6	1.38564	
169	1.39284	1.88149	1.52315	1.772	1.62481	1.72627	3.1209	2.77849	3.228	2.97321	3.10484	2.77128	2.10238	2.39165	2.73861	1.69706	2.41661	2.17715	1.86011	2.02485	1.81659	2.29783	2.57294	2.01494	1.78326	1.71464	1.64317	1.75499	2.24944	1.92873	
170	2.07364	1.67332	1.63095	1.47648	2.2	1.84391	2.76406	2.96985	2.97321	2.84956	3.29545	3.03645	2.27156	2.30651	2.24944	1.89737	1.85472	2.0347	2.03961	2.45357	2.41247	1.8868	1.89737	2.00499	1.58745	2.03961	2.05913	2.46577	2.08327	1.35647	
171	1.64317	1.78885	1.43527	2.4779	1.87083	1.82209	3.24037	3.17175	3.01993	2.68701	2.98329	2.88444	2.00499	2.04939	2.0445	1.79444	1.91833	2.10713	2.09284	1.90788	1.67332	2.10238	1.96469	2.31517	1.72627	1.91311	1.61245	1.92873	2	1.58745	
172	1.37113	2.00998	1.74929	1.249	1.42127	1.50997	3.1273	3.49285	3.16228	3.02985	3.42929	3.07246	2.61151	2.28035	2.11187	2.30217	2.31517	2.24054	2.26274	2.0347	2.23607	2.23159	2.03961	1.95959	2.13073	1.98997	1.89209	2.29783	1.89209	1.8868	
173	1.43527	1.46287	1.53623	1.90788	1.47648	1.94936	3.19374	2.98664	2.88791	2.55343	2.78209	2.93939	2.83549	2.33666	2.66083	2.38747	1.78885	2.4	1.94422	2.17715	1.98494	1.84391	1.74929	2.28035	1.69706	1.78326	1.39284	1.35647	2.10238	1.35647	
174	1.48997	2.3622	1.58114	1.82209	1.7088	1.52971	2.73496	3.1686	2.90172	2.95973	2.85307	2.34947	2.33238	2.32379	2.42899	2.26716	2.23607	2.35372	1.80555	1.83303	2.17715	2.00998	1.8868	2.19089	1.93391	1.92354	1.83303	2.26716	2.2891	1.63707	
175	1.26491	1.66733	1.85472	1.50997	1.63707	2.29783	3.37935	2.96648	2.73496	3.27414	2.92575	2.77128	2.02485	1.99499	2.25389	2.45357	1.67332	1.65529	1.70294	1.92873	1.63707	1.87083	1.76635	1.94422	2.10238	1.4	1.74356	1.40712	1.61864	1.54272	
176	2.42487	1.8	2.29347	1.30384	1.772	1.72627	3.46121	2.90861	2.95973	3.5327	2.78568	3.18119	2.13542	1.92354	1.84391	2.52587	1.82757	1.74356	1.91833	1.78326	2.30651	2.39165	1.97484	1.86011	1.69115	2.12603	1.76635	1.64317	1.54272	2.53377	
177	1.76635	1.67332	1.55563	1.83303	1.31909	1.33417	3.49571	2.93258	3.34664	2.87054	3.51568	2.78568	2.07846	2.0445	1.51658	2.55343	2.13542	1.83848	2.2	1.72047	2.10713	2.13073	1.83848	1.92354	1.80555	2.18632	1.55563	1.74356	2	1.94422	
178	2.46171	1.89737	1.90263	1.61864	2.24499	1.81108	4.69255	4.67761	3.54683	2.86356	4.83529	4.67547	2.40416	2.43721	1.67332	1.49666	2.33238	2.17715	1.77764	2.0347	1.72627	2.13073	2.00499	2.18632	1.48997	1.79444	2.29347	1.66132	1.38564	1.83303	
179	1.41421	1.56205	1.58745	1.54919	1.88149	2.24944	10.2596	9.9559	3.58608	2.96985	8.9521	6.41716	4.34511	4.16413	1.88149	2.17256	4.09145	4.219	2.12132	2.12132	1.83848	1.64924	2.13073	2.21811	2.1166	1.61864	1.75499	1.83848	1.70294	1.93907	
180	1.22474	1.8	2.62298	1.99499	1.36382	1.50333	10.1183	10.7173	3.1686	2.67208	11.1301	10.6132	9.13126	8.2365	3.54401	2.31084	8.90393	8.09568	1.97484	1.96469	2.12132	1.51658	2.58457	2.0347	2.12132	1.58745	1.74929	1.99499	2.06398	1.47648	
181	2.09762	2.37908	2.0347	1.55563	1.54919	1.51658	11.4943	11.3613	3.28329	4.60435	11.9583	10.7387	9.40213	8.65448	2.69815	2.25832	9.01776	10.6085	2.1166	1.73781	2.26274	1.43527	1.83848	1.8868	1.30384	1.69706	1.59374	2.44131	1.61245	1.44222	
182	1.48997	1.53623	1.85472	1.31149	1.772	1.60624	10.3276	10.8083	3.18434	3.29848	11.6902	12.9576	9.5781	8.52291	1.92873	2.24499	10.3557	9.77548	2.05913	1.90788	2.00499	2.52587	1.82209	1.94936	2.41247	1.86011	2.4779	1.56844	1.50333	1.78885	
183	1.50333	2.05913	1.44914	1.69706	1.56205	2.02485	11.2526	11.0463	3.19061	3.76563	10.7972	11.2925	10.3508	9.3691	2.13542	2.61151	9.35521	10.9745	1.87083	2.0199	2.02978	2.91548	2.16795	1.52971	1.48997	1.58114	2.76406	1.69115	2.11187	1.8	
184	1.73205	1.67332	1.30384	2.13542	2.56125	1.67929	11.0896	11.8034	2.41661	3.25269	11.7584	12.112	10.019	9.14549	2.3622	1.76635	9.74782	10.9417	3.20624	3.24037	1.80555	1.95959	3.2619	3.04631	1.74356	1.56844	1.73205	1.69115	2.1166	1.49666	
185	1.43527	1.60624	1.15758	2.08806	1.0583	2.08327	11.6619	11.1839	2.87054	3.85746	12.7758	13.274	9.71802	8.86115	2.29783	2.45764	9.67161	10.4269	5.50818	5.1303	2.88097	2.95296	4.61303	5.14587	2.15407	2.00998	1.77764	1.90263	1.99499	1.61864	
186	1.52971	1.50997	1.33417	1.99499	1.48324	1.60624	5.51362	5.99333	5.96992	3.66879	5.68507	7.51266	10.8591	10.4585	1.94422	5.24976	11.257	11.077	9.08625	11.3287	3.1686	3.24345	11.1615	11.9808	2.29783	1.89737	1.66132	1.31149	2.17715	2.2	
187	1.48997	1.35647	1.67332	1.35647	1.92354	1.7088	3.03645	4.78748	3.48138	4.05709	3.52136	5.96992	4.01497	3.61663	3.28634	1.74356	3.5327	4.0694	10.005	11.5681	2.62298	2.38328	10.008	11.1794	1.62481	1.98494	1.95959	1.61245	1.25698	1.47648	
188	1.64924	2.09284	1.48997	1.44914	2.00998	1.38564	2.81425	3.39411	2.88444	2.86007	3.1241	2.94958	2.06398	1.61245	2.9189	1.88149	3.28329	4.77703	10.4	12.9066	2.90861	1.54272	10.6433	11.8743	1.69706	2.05426	1.44222	2	1.66132	1.96469	
189	1.32665	1.71464	1.93907	1.74356	1.61864	2.25389	3.00666	3.31059	3.48712	2.78209	3.05614	3.11448	1.8868	1.92873	1.89737	1.58745	1.94936	2.39583	11.1149	12.0988	3.51852	1.81108	11.2588	13.0407	2.22711	1.73781	1.46969	1.62481	1.73205	1.67929	
190	1.64924	2.01494	1.54919	2.13073	1.73205	1.28062	2.6533	2.84253	2.45764	2.67955	3.08221	2.58457	2.80357	2.28473	2.14476	1.98997	1.89737	1.96977	10.5896	12.8787	1.78885	2.2891	10.015	12.5483	1.84391	1.80555	1.49666	1.4	1.66733	1.61245	
191	1.93907	1.69115	1.65529	1.28841	2.34094	1.98494	2.99666	2.87402	2.83901	2.4331	3.07896	2.9189	2.06398	1.91833	2.0199	2.13542	2.00499	1.99499	11.934	11.9256	1.75499	2.76767	11.5421	12.0789	1.71464	1.68523	2.21811	1.86011	1.73781	1.97484	
192	1.34164	1.56844	2.28473	1.7088	1.88149	1.68523	2.63818	2.93598	2.22261	2.5923	2.90172	2.48596	2.16333	1.84391	2.57294	1.86548	1.66733	1.73781	9.98098	13.2996	3	4.0398	13.0522	14.6199	1.67929	1.87617	1.86011	2.50599	1.61245	1.60624	
193	1.92873	1.77764	1.36382	1.66132	2.31084	1.34164	2.70555	3.1749	2.99666	2.88097	3.39706	2.84956	1.64924	2.1587	1.98997	1.99499	1.75499	2.16795	6.17576	5.1614	2.52982	2.48596	5.2	5.77754	1.72047	1.772	1.66132	1.50997	1.87083	1.5748	
194	1.58745	1.69115	1.31149	1.73205	1.7088	1.73781	3.72559	3.02655	3.28329	2.51794	3.03315	2.65707	2.21811	2.1166	1.73205	1.92354	1.83848	1.772	2.19545	2.20907	1.74356	1.67332	1.80555	1.98997	1.84932	1.52315	1.41421	1.8	1.98494	1.52971	
195	2.16333	1.96977	1.83848	1.52971	1.8868	1.48997	3.48425	2.8178	2.83901	2.42074	2.78568	2.76406	2.17256	1.95448	1.84932	1.86548	1.89209	2.07846	1.7088	2.35372	1.93907	2.03961	2.16333	2.22711	2.21811	1.8	1.46287	1.48324	1.42127	1.61864	
196	1.38564	1.52315	1.2083	1.90788	1.78326	1.63095	2.69444	3.15278	2.55734	3.89358	2.88097	3.03645	2.08806	1.8	1.87617	1.78885	2.24499	2.06398	2.06882	1.93907	1.76068	2.25389	2.01494	1.76635	1.92354	2.40416	1.72047	1.58745	2.15407	1.63707	
197	1.82209	1.34907	1.69706	1.72627	1.34907	2.24054	2.97321	3.2249	2.63818	3.36452	3.63318	2.76406	1.9799	2.02485	2.8	1.63707	1.94936	1.56844	1.96977	1.71464	2.07364	2.05426	1.72627	2.12132	2.24054	1.81659	1.78326	1.66733	1.93907	1.64924	
198	1.95959	1.72047	1.31909	1.56844	1.61245	1.37113	2.92575	2.98998	2.66083	2.63439	3.20936	2.83901	1.63095	2.16795	1.83303	1.76635	1.54919	1.52315	1.66132	2.1166	1.8	1.82757	1.7088	1.8868	1.23288	1.90788	1.89737	2.15407	1.50333	1.9799	
199	2.41661	2.02485	1.45602	1.26491	1.50997	1.90788	2.8178	3.02655	2.56905	3.08545	3.10161	2.74955	1.96469	1.86548	1.91833	1.94936	1.86011	1.78885	1.64317	1.72627	1.90788	1.44914	1.98997	1.61864	1.46287	1.25698	1.95959	1.74929	2.21359	1.51658	
200	1.50997	1.48324	1.54919	2.64575	1.81659	1.42127	2.66833	3.228	3.28024	2.80713	3.54965	2.16795	1.96469	1.87617	2.26716	2.06882	1.89209	2.30217	1.52971	2	1.98494	2.04939	2.48193	1.87083	1.82209	2.22261	2.64197	1.87083	1.42829	1.59374	
201	1.82757	1.9799	1.60624	1.74356	2.12603	2.29347	3.08221	2.62298	2.66833	2.90517	3.07896	2.74226	2.10238	2.1166	1.75499	2.1587	2.00998	1.80555	1.74929	1.85472	1.27279	1.77764	1.84932	1.84391	1.74356	1.63707	1.61245	1.89737	2.34094	1.54919	
202	2.35797	1.68523	2.1587	2.17715	1.22474	1.93391	3.15278	2.78209	3.02655	2.61151	3.04959	2.95296	1.772	1.89209	2.15407	1.73781	1.72627	1.63707	2.05913	2.11187	1.92873	1.78885	1.69706	1.86548	1.50997	1.772	1.77764	1.51658	1.84932	1.85472	
203	1.40712	1.32665	1.69706	2	1.46287	1.91833	3.56371	2.6	2.8775	3.31964	2.65707	2.91548	2.14009	1.83848	1.84932	2.13542	2.07846	1.73781	1.86011	1.89737	1.67332	1.8868	2.13542	2.28473	1.45602	1.65529	2.05913	1.48997	1.72627	2.0445	
204	1.89737	1.42829	1.73781	1.50333	1.84932	1.7088	2.87402	2.78927	2.82135	3.00666	2.88444	2.61916	2.18632	2.22261	1.58114	2.07364	2.13073	2.02485	2.14942	1.72047	1.90788	1.94936	2.21811	1.77764	1.72627	2.01494	1.46287	1.77764	1.72047	1.91833	
205	1.34164	1.96469	1.62481	1.50333	1.4	1.44914	3.1749	2.65707	2.69815	3.20312	2.95635	2.68701	2.09284	1.93907	2.25832	1.72047	2.02485	1.83848	1.98997	1.72627	2.35372	2.13542	1.58745	1.86011	1.46287	1.95448	1.55563	1.63095	2.10238	1.80555	
206	1.47648	1.62481	1.56205	1.91833	1.63707	2.25389	3.06594	2.76406	2.39583	2.66833	2.6	2.92575	1.77764	2.07364	2.42899	1.88149	1.92873	1.73205	2.02485	1.78326	1.95448	1.77764	1.86548	2.1166	1.61245	1.3784	1.92354	1.61864	1.79444	1.4	
207	1.22474	1.52971	1.83303	1.72627	1.41421	2.30651	3.04959	2.96985	2.92575	3.42929	2.86705	2.52982	2	1.84932	2.27596	2.26274	1.92873	2.14476	1.76068	1.74356	1.7088	1.85472	2.0347	1.82209	1.48997	2.16333	1.72627	1.69706	1.85472	1.69115	
208	1.58745	1.8868	1.64924	1.6	1.15758	2.25832	3.46121	2.7313	2.39583	3.50428	3.14643	3.40294	2.24944	1.74929	2.24944	1.74929	1.72627	1.92354	1.772	1.9799	2.4779	2.13073	2.08806	1.63707	1.66733	1.87083	1.95959	1.61864	1.63707	1.55563	
209	1.17473	1.67929	1.64924	1.75499	1.65529	1.54919	3.61109	2.83901	2.75681	2.80357	3.16228	2.75318	1.93391	1.82209	1.72047	1.67929	2.11187	2.04939	2.14942	1.70294	1.89737	1.77764	1.84391	2.11187	2.32809	1.772	2.0347	1.81108	1.73205	1.65529	
210	1.35647	1.63707	1.88149	1.74929	1.52971	1.33417	3.25576	2.55734	3.11769	2.93598	3.20624	2.5219	2.00499	1.92354	1.89209	1.81659	2.0445	2.20907	2.0445	1.90788	1.74356	2.41247	2.37487	1.98494	2.12132	1.81659	1.74356	2.04939	1.55563	2.08806	
211	1.249	1.91833	1.54272	1.96977	1.51658	1.61864	2.63059	2.82843	2.71293	3.18748	2.95973	2.97321	1.83303	2.15407	1.97484	1.83303	1.44222	2.02978	2.24499	2.17715	2.16333	1.58745	1.76635	2.15407	1.87617	1.79444	2.69444	1.7088	2.06882	1.4	
212	1.68523	1.34164	1.54272	2.10238	1.28062	1.94936	2.63439	2.80713	3.63593	2.82489	3.1749	3.03645	1.79444	1.87617	2.02485	2.15407	1.89737	1.91311	2.03961	1.83848	2.01494	1.87083	2.05913	1.93907	2.0445	1.52315	1.82209	2.08806	1.53623	1.79444	
213	1.89209	1.99499	1.71464	2.09284	1.36382	1.56205	3.02985	3.09839	2.25389	2.96311	3.47275	2.89482	1.69115	1.88149	1.8	2.0347	1.73205	1.84391	1.91311	2.12603	2.02485	1.87083	1.94422	1.78885	1.81659	2.52587	1.66132	1.6	1.6	1.69706	
214	1.62481	2.06398	1.83303	1.44222	1.73781	1.772	3.05941	2.86705	2.24944	2.83901	2.20907	2.72764	1.99499	2.0445	1.52315	2.02485	1.72627	2.0199	2.18174	1.46287	1.78885	2.01494	2.23607	1.59374	1.86011	1.88149	1.7088	1.91833	1.67929	1.78885	
215	2.14942	2.24499	1.75499	1.46287	1.22474	1.76635	3.17175	3.08869	2.82135	3.17805	2.86705	2.76043	1.79444	2.10238	1.63095	2.14476	2.24944	1.88149	2.12603	1.8868	1.89737	1.63707	1.9799	1.50997	3.40294	2.28035	2.20907	1.42127	1.76068	1.74356	
216	1.50997	1.67929	2.19089	1.63095	1.56205	2.10713	2.85307	2.92916	2.96311	3.05941	2.8775	2.30651	2.13542	2.07846	1.94422	2.11187	1.74356	1.8	1.70294	2.0199	1.70294	1.46969	1.94422	1.81108	2.83196	2.498	2.93598	2.21359	1.71464	2.0445	
217	1.48324	2.01494	1.69706	2.19545	1.92873	1.56844	2.66458	3.31964	2.4	2.83196	2.66833	2.61534	1.98997	1.40712	2.13073	1.68523	1.8868	1.54919	1.99499	1.78885	1.92873	2.21811	2.08806	1.79444	2.8	2.44949	2.08327	1.7088	1.50997	1.80555	
218	1.18322	1.4	2.8178	2.02978	1.67332	1.31149	2.87402	3.18748	2.93598	2.77128	3.19061	3.16544	2.21359	2.08806	2.20454	1.67929	1.81659	2.31948	1.92354	2.12132	1.84391	1.87617	1.81659	1.85472	1.86548	2.17256	1.6	1.8	1.68523	2.35372	
219	1.41421	1.35647	1.79444	1.87617	1.74929	1.68523	2.78568	2.78568	3.00666	3.03974	2.50599	2.4454	2.31948	2.498	1.89209	1.85472	1.94422	1.78885	2.17256	2.06398	1.53623	2.17256	2.0347	2.19089	1.91833	1.76068	1.64924	1.86011	1.64924	1.69706	
220	2.47386	1.69115	1.71464	2.26716	1.52971	1.95448	2.94618	3.21248	2.52587	2.8775	2.83549	3.30757	1.96469	1.45602	1.93391	1.51658	1.86011	1.67929	2.32379	1.8	1.95959	1.73205	1.83848	1.55563	2.14942	1.30384	1.54919	1.85472	2.02485	1.3784	
221	1.93391	1.49666	1.35647	1.69706	1.55563	2.03961	2.6533	2.67208	2.46982	2.76767	2.502	2.44949	1.74929	2.34947	1.66132	1.83303	2.18174	2.03961	1.85472	1.66132	1.84391	1.8868	2.08327	1.58745	2.1166	2.33666	1.772	1.81108	1.92354	2.17715	
222	1.48324	1.8868	1.71464	1.69115	1.37113	2.34094	3.02324	2.92233	2.84956	3.19687	2.8178	2.88444	1.96469	1.87617	1.58114	1.49666	2.10713	2.18174	2.25832	2.00499	1.93391	1.87617	2.27596	1.66733	1.74929	1.81659	1.91833	1.42127	2.11187	1.26491	
223	1.88149	3.19374	2.03961	2	1.22474	1.41421	2.65707	2.41661	2.69072	2.72764	2.6533	2.82489	2.1587	2.18174	2.23159	2.43721	1.9799	2.14476	1.54919	1.71464	1.94422	1.84391	2.02978	1.87617	2.70185	1.98494	1.95959	2.02978	1.61245	1.73205	
224	1.50333	1.3784	2.92916	1.46969	1.38564	1.64924	2.66833	2.72397	2.94958	2.58844	2.62679	2.69072	1.95448	2.07846	2.13542	1.96977	1.74356	1.65529	1.6	2.41247	2.28473	2	1.77764	1.77764	1.64924	1.67332	2.498	1.7088	2.27596	1.79444	
225	1.76068	2	1.35647	1.34907	1.73205	1.2083	2.78209	3.15278	2.92575	2.96648	3.42345	2.94279	1.8868	1.71464	2.45764	1.73781	1.78885	2.07364	2.14476	1.79444	2.29783	2.05913	1.58114	1.81108	1.89737	1.60624	1.65529	1.68523	1.64924	1.48997	
226	1.34907	1.78326	1.82757	1.67332	1.63095	1.24097	3.18434	2.93258	2.64953	3.00666	3.03315	2.3622	2.18632	1.88149	2	1.87083	2.07364	1.69706	1.69115	2.1587	2.18632	2.11187	1.94936	2.21811	2.06882	2.21811	2.51794	1.62481	1.772	1.67929	
227	1.75499	1.78885	1.22474	2.59615	1.72627	1.43527	3.74967	2.4454	2.8178	3.2218	2.52587	2.60384	2.02485	1.66132	2.4331	1.78885	1.91833	2.46171	1.772	2.21359	1.91833	1.86548	1.65529	1.96977	2.22261	1.47648	1.73205	1.92873	1.68523	2.23159	
228	1.26491	2.48998	1.31909	1.48997	1.59374	1.06771	3.17805	2.35797	3.15911	3.53553	3.28024	2.86007	2.19089	2.55343	1.91833	2.07846	2.06882	1.83303	1.82757	1.77764	1.68523	1.34164	1.44914	2.02978	2.70924	2.19545	2.40416	2.0347	1.64317	2.19089	
229	2.30217	1.58745	1.50333	1.87083	1.50997	1.89209	2.93258	3.77094	3.00998	3.32265	3.755	2.92916	1.63707	1.86011	1.79444	1.84391	1.86011	1.96469	1.95959	1.51658	1.79444	1.63095	1.89209	2.22261	1.82209	1.87617	2.4454	2.03961	2.31084	1.85472	
230	1.44222	1.93907	1.36382	1.93907	1.36382	1.92354	5.3535	6.37652	2.74955	3.747	4.59347	4.91325	2.69072	2.54558	1.77764	1.77764	2.54165	2.65707	1.46969	2.23607	2.00998	1.6	1.49666	1.80555	1.51658	2.08327	2.30651	2.23607	2.15407	1.94936	
231	2.0445	1.66132	1.28841	1.50997	1.64924	1.46969	7.24017	7.5233	3.1273	5.00999	7.58683	8.23772	6.17252	5.4	2.40832	2.83549	6.29603	5.04777	1.98997	1.96469	1.8868	1.78326	1.90788	1.86548	1.91311	1.31909	2.0445	1.84932	1.44222	1.88149	
232	1.38564	1.69115	1.52971	1.84391	1.70294	1.47648	8.63713	7.84474	4.40908	5.64269	9.4414	10.202	7.4364	5.74456	2.8775	2.96985	6.0564	6.97854	1.78326	2.10238	1.69706	1.82209	1.55563	1.48997	1.40712	1.72627	2.21811	1.50997	2.36643	2.2	
233	2.06398	1.58745	1.45602	1.93907	1.51658	1.92873	10.0707	8.91403	4.44072	5.4754	8.80795	9.5572	6.46529	4.8518	2.8775	2.95973	6.42651	7.10211	1.70294	1.69115	2.18174	2.38328	1.72627	2.12132	2.34947	1.75499	1.65529	2.18632	1.95959	2.29347	
234	1.40712	1.53623	1.71464	1.94422	1.48997	1.64924	11.5135	9.53205	5.99333	5.31977	10.0896	10.006	5.77235	4.60217	2.30217	3.19687	6.44205	7.14003	2.11187	2.09762	2.15407	2.06882	2.0445	2.14009	2.0347	2.20454	1.92873	2.25832	1.82757	1.49666	
235	1.9799	2.70185	1.46287	1.8	1.49666	1.22474	10.8619	10.6141	6.24019	5.1264	9	10.5887	6.5146	5.28204	2.71662	3.54401	6.18385	7.71233	2.41247	2.24944	1.76068	2.08806	1.8868	1.76068	2.46577	1.92873	1.44222	1.44914	2.61534	1.51658	
236	1.84932	1.63095	1.77764	1.50997	1.47648	1.61245	11.6017	9.993	5.45711	6.2849	9.33809	9.73345	6.6242	6.73201	3.72559	4.00999	7.47395	8.86228	4.80416	2.88444	2.03961	2.52982	2.99333	3.58887	2.35372	2.13542	1.58114	1.772	1.52971	2.23159	
237	1.27279	1.58114	1.5748	1.67332	1.78885	1.45602	6.64229	6.49461	7.44312	3.83145	5.2345	9.63016	7.47128	8.23286	4.56289	4.72229	8.35584	8.50647	8.72926	7.80897	3.2619	4.30116	8.01623	8.64639	1.94422	2.08806	2.56125	1.38564	1.81108	1.50333	
238	1.17473	2.19545	2.12132	2.06398	1.62481	1.50997	6.0696	6.29285	4.48776	5.07149	5.74804	6.65282	4.59565	4.15211	1.74356	2.69072	4.0025	4.77074	8.73155	9.02441	2.66458	4.45197	8.50647	9.58541	2.37908	2.05426	1.67929	1.6	1.56205	1.84932	
239	1.5748	1.6	1.16619	1.48997	1.82757	2.07846	2.89828	2.89828	2.82489	3.15278	3.13688	2.51396	2.16333	2.14476	3.53553	2.25389	2.0199	3.79737	9.7067	10.9334	6	4.4587	9.97798	11.217	1.56844	1.77764	1.62481	1.59374	1.90788	1.56844	
240	1.48324	2.24499	1.65529	2.05913	1.27279	1.87083	3.17175	3.2311	3.21248	3.1496	3.1749	2.60384	2.01494	1.76635	1.78885	1.84391	1.99499	2.41247	8.86679	10.0737	4.68402	5.31601	9.65919	9.58749	2.20907	2.22261	1.80555	2.12603	1.41421	1.56844	
241	1.4	1.46969	1.67332	1.48997	1.44914	1.91311	3.1749	3.16544	2.98998	2.89482	3.69053	3.28634	2.14009	2.05913	2.5219	2.0445	2.24499	2.14009	9.49316	11.0815	4.75395	6.18547	9.03881	9.05649	2.03961	2.29783	1.81659	1.39284	1.96977	1.70294	
242	1.54272	1.77764	1.772	1.73205	1.78885	2	3.44964	3.10805	2.89137	2.9189	3.24962	3.1686	2.16795	2.13073	2.23607	1.93907	1.59374	2.47386	10.735	11.5922	4.9457	6.90362	9.45304	8.69022	3.33167	2.77849	1.72627	1.74356	2.09762	1.6	
243	1.68523	2.86356	11.4061	3.06594	1.67332	1.94422	3.10805	2.68328	2.90172	3.08221	2.66833	2.95635	2.04939	2.23607	2.08327	2.02978	2.1587	1.83848	6.36867	11.8085	7.03562	8.33667	10.1469	12.177	3.05614	1.90263	1.81108	1.67929	1.76068	1.73205	
244	1.95448	1.67332	2.89137	1.81108	1.70294	1.93907	3.24962	3.64966	2.46982	2.70924	3.36452	2.86007	1.63095	1.98494	2.22711	1.97484	1.55563	2.50599	6.62118	6.56201	3.68782	3.86005	5.03587	5.78619	3.94208	2.26274	1.97484	1.91833	1.5748	2.14009	
245	1.67332	2	1.79444	1.76068	1.04881	1.40712	3.69053	3.05287	3.24962	2.53772	2.89482	2.74955	1.83848	2.23607	1.95448	1.91311	2.23159	2.01494	2.07364	2.36643	3.64417	2.0445	2.06398	1.96977	3.83667	2.35797	1.63095	1.48324	2.1587	1.19164	
246	1.48997	1.91833	1.61245	2.6	1.47648	1.96469	3.53836	3.19061	3.47851	2.89482	2.86007	2.6	2.23159	1.90263	2.36643	2.29783	2.09762	2.06882	2.25832	1.97484	2.09284	1.91311	2.14942	2.03961	3.70405	2.87054	2.1587	2.33666	2.29783	2.61534	
247	1.48324	2.04939	1.34164	1.25698	1.54272	2.24054	3.19687	2.72029	2.99333	2.91204	3.62215	3.08221	2.59615	2.08327	2.13542	2.61916	1.86011	2.2	1.84932	2.54165	1.97484	2.31517	1.76635	1.83848	3.29242	2.1166	3.1749	2.12132	2.73861	1.81659	
248	1.42829	1.82209	1.66132	2.40416	1.33417	1.8	3.47275	3.24962	3.17175	3.2311	2.94958	2.88097	1.76068	2.07846	2.31948	1.61245	1.73205	2.0445	1.88149	2.09762	2.4454	1.98997	2.34947	2.28473	2.21359	2.27156	2.08806	1.92354	1.84391	1.51658	
249	1.82757	1.5748	1.52971	1.40712	1.45602	1.73205	3.05614	2.97658	2.74591	2.76406	2.83196	2.51794	1.98494	1.72047	1.91833	1.87083	2.36643	2.05913	1.86011	2.05913	1.82209	1.9799	1.28841	2.21359	2.67955	2.5807	1.61864	2.06882	2.09284	2.50998	
250	1.69706	1.772	1.55563	1.83848	2.02978	1.249	3.1241	3.11127	2.83549	3.60555	2.86705	2.8	2.18632	2.26274	2.0199	2.17256	2.37908	1.77764	2.44949	1.75499	2.19089	1.72047	2.16333	1.95959	1.27279	1.93391	1.5748	1.91311	1.70294	1.61864	
251	1.52971	1.72627	1.34164	2.31948	1.96977	1.41421	3.45832	3.84448	3.1305	2.88791	2.73861	3.05287	2.02978	2.05426	1.99499	1.85472	2.14009	2.18174	2	1.70294	2.09762	1.86548	1.92873	1.74356	1.83303	2.15407	2.46577	1.93907	2.06882	1.63707	
252	1.60624	2.76406	1.58745	1.3784	1.81659	1.61245	3.04302	2.97993	3.00998	3.62491	2.85657	2.92233	2.81425	2.27156	1.90788	2.14476	1.73781	2.34947	2.5219	1.6	1.93391	2.0347	2.01494	1.96469	2.51794	1.67929	2.55343	1.76068	1.93391	2.39583	
253	1.72627	1.41421	1.61864	1.80555	2.13073	1.72047	3.54965	2.67208	2.72029	2.54165	2.95635	3.05941	2.10238	1.95448	1.77764	1.73781	2.00499	1.90263	2.14476	1.72627	2.2891	1.94936	1.81659	2.11187	2.06882	2.05913	2.10238	1.87083	1.86011	1.66733	
254	1.71464	1.37113	1.84932	1.52315	1.30384	2.17256	4.22137	3.95727	3.14325	3.13369	3.37046	3.43802	2.05426	1.97484	2.09762	2	1.6	1.98997	1.89209	2.28035	2.14476	1.73781	1.76635	2.10238	2.07364	1.90263	1.89737	2.32809	1.31909	1.56844	
255	1.41421	1.7088	1.28841	1.42127	1.58114	1.61864	3.57491	2.46982	2.93258	3.04631	3.53553	3.1273	2.57682	2.04939	1.84391	1.94422	2.12132	2.06398	2.20454	2.13073	1.91833	1.91311	1.64317	2.2	1.72047	1.54919	1.89737	1.77764	2.14942	1.83848	


