0	306.687	305.965	318.638	323.74	307.208	325.941	15719	315.704	331.212	322.936	324.196	285.079	1624.21	424.492	0.141421	243.689	451.971	419.483	9.33381	4788.91	529.709	4776.74	559.987	4796.34	768.511	4757.42	4733.32	2403.78	4681.04	394.602	
1	353.821	358.457	346.431	361.68	371.961	295.976	15051.8	330.832	327.612	359.172	346.41	297.489	0.2	416.31	30.9968	208.052	429.516	444.652	0	544.764	4805.16	405.792	4838.4	4780.53	4652.2	4751.68	4782.94	2409.11	9242.14	442.514	
2	346.497	331.297	345.076	296.953	328.416	356.198	421.24	324.562	321.847	334.535	345.308	338.578	1152.62	232.266	0	255.579	427.593	423.48	0	668.526	4783.22	4792.42	542.303	4738.61	0	4783.04	375.096	2409.84	392.246	457.343	
3	340.169	452.994	333.213	387.839	257.601	325.102	346.266	338.696	340.237	337.024	332.383	290.164	15573.3	307.907	0	244.267	436.189	421.074	32.5776	562.599	608.928	560.478	4789.63	557.452	0	380.023	4733.74	2391.59	8730.16	374.914	
4	304.951	239.602	352.111	378.054	312.867	311.547	327.61	331.715	339.821	346.519	344.352	336.427	14390.7	200.779	6.22254	203.977	445.411	435.293	0.2	532.881	4802.61	4788.51	611.016	4804.45	0	4738.82	4730.64	2420.77	605.429	384.543	
5	346.473	329.742	309.222	314.07	323.812	371.566	323.244	331.264	344.68	345.306	345.825	333.447	472.588	225.801	0.141421	244.571	430.673	428.619	1411.72	483.895	4798.85	230.752	561.694	4797.31	0	4767.87	4734.89	2421	396.876	441.942	
6	321.079	291.439	267.501	306.334	354.693	309.644	325.39	333.789	329.598	324.787	339.254	292.843	280.042	33.7378	201.356	446.698	437.446	436.571	15510.8	617.331	4788.4	4795.26	4790.6	4770.56	0	398.629	4733.22	2417.8	5263.57	446.719	
7	333.7	315.938	332.401	324.499	336.373	379.767	332.093	345.204	343.647	352.29	337.357	342.136	320.39	0	182.527	429.025	422.998	487.757	14390.7	558.885	4785.59	4779.14	603.141	4813.92	0.2	4736.49	4751.93	2410.45	591.223	380.442	
8	303.347	236.101	330.923	129.917	326.4	278.344	349.037	329.274	336.515	352.077	344.518	276.638	274.538	0	176.92	434.097	434.254	444.888	777.329	4833.35	4790.36	392.951	4777.73	4807.62	1351.62	4752.8	4788.03	2394.41	372.801	434.597	
9	315.279	335.529	265.1	355.7	247.002	340.21	336.001	332.079	339.431	326.947	337.569	348.271	300.964	0.141421	194.174	442.979	422.768	428.937	591.937	532.904	4775.65	4792.17	4802.57	4789.18	13375.8	4734.81	401.646	4706.34	8148.58	372.716	
10	323.372	321.346	346.455	333.859	255.001	293.542	363.513	346.024	352.357	356.051	335.886	293.868	292.687	33.6809	197.57	450.818	437.21	486.297	595.466	584.211	4789.35	4790.12	4796.4	4781.07	12266.1	4755.13	4740.01	5529.35	4096.69	436.16	
11	329.492	326.381	346.239	359.825	339.327	337.866	342.225	340.771	352.973	356.578	333.09	327.321	277.966	29.6746	200.651	437.407	435.851	453.104	608.673	604.175	4790.47	4790.62	4774.12	530.571	615.383	4733.29	4730.75	2207.25	719.317	439.611	
12	311.957	266.9	331.717	352.067	322.082	360.876	341.921	324.042	337.59	349.925	326.397	343.257	307.706	29.9813	192.525	436.81	432.98	446.401	684.964	666.674	4821.1	4732.81	4780.31	4798.09	407.764	4737.11	4750.51	670.397	5241.32	450.951	
13	331.861	220.601	317.204	380.147	373.149	310.049	335.409	338.727	373.282	325.396	328.027	342.661	294.9	8.48528	181.829	422.169	430.036	487.758	680.668	598.97	450.84	4813.16	4795.78	4789.24	4749.46	4752.46	4737.1	468.023	600.151	443.785	
14	300.231	348.579	181.601	359.143	216.701	161.801	328.894	331.771	332.151	356.666	322.563	320.778	282.257	3.53553	196.163	443.984	414.965	430.019	587.991	611.239	4762.48	4740.68	546.599	490.241	4757.83	4751.4	4782.29	4728.24	390.639	450.631	
15	303.448	315.983	345.503	320.448	347.28	354.665	326.389	338.266	354.905	346.419	330.693	323.219	286.208	20.7509	190.342	444.888	415.888	451.111	688.375	4786.6	4773.3	554.454	4771.4	531	4764.42	4739	395.84	2420.88	4679.35	449.068	
16	239.014	309.258	215.501	357.409	296.42	374.814	355.254	322.898	340.596	352.143	347.608	326.912	299.788	39.9011	174.05	435.552	429.089	518.865	530.499	557.945	540.085	4789.88	630.737	4778.64	400.399	4737.28	4739.13	2366.67	2067.13	383.172	
17	268.741	364.998	341.868	374.751	340.825	355.295	323.298	330.999	345.059	366.396	317.465	333.387	275.741	31.6926	245.781	442.674	428.022	431.946	664.277	596.501	4793.27	4777.24	529.022	4777.47	4738.07	4748.67	4782.84	2377.56	416.303	439.721	
18	331.9	317.734	192.601	393.102	329.802	325.504	347.399	322.226	328.07	329.069	323.069	336.191	298.263	14.7031	186.147	423.494	440.162	435.143	604.312	441.549	4818.39	4776.91	4774.12	4843.02	4765.09	4750.2	404.369	2349.16	5553.32	377.08	
19	321.778	391.962	351.684	301.545	320.505	367.601	356.672	340.178	362.11	337.578	335.796	326.105	312.767	12.1202	209.095	448.383	426.647	449.072	614.699	517.071	492.41	534.846	324.215	559.306	394.733	4783.93	4753.18	4669.67	581.547	458.444	
20	217.4	339.346	302.154	258.001	346.735	353.757	352.134	330.312	321.068	346.208	342.88	341.131	274.42	12.5539	206.499	439.172	443.859	433.427	445.917	578.721	610.584	4776.53	525.258	4798.65	4755.92	398.875	4735.44	2364.75	386.773	453.518	
21	342.2	284.3	324.307	343.841	335.54	323.154	342.355	344.112	336.872	371.391	339.466	348.387	295.283	39.9445	204.386	428.414	415.291	437.446	682.816	546.914	555.877	469.609	4795.53	4833.7	4783.56	4735.2	4757.82	2352.69	9022.91	449.209	
22	328.7	335.165	342.514	341.017	355.339	355.324	349.043	341.77	324.049	365.151	341.368	336.943	308.31	28.0236	242.298	436.305	443.273	447.691	694.521	4799.8	4731.03	554.457	4842.44	541.317	398.952	4730.83	4759.47	4684.45	6997.67	734.317	
23	329.057	180.7	351.114	332.095	372.938	328.626	339.946	338.41	339.531	352.272	315.823	337.767	214.934	21.2207	205.094	417.141	416.147	438.795	602.337	533.363	550.092	4729.68	527.444	4743.89	4733.29	4737.24	401.644	4676.62	2313.41	9242.26	
24	229.643	326.493	179.901	319.614	371.861	264.8	328.865	321.931	324.952	344.213	331.918	334.326	206.044	20.4083	201.597	440.922	432.573	437.343	502.051	580.067	4811.5	4841.49	4803.73	4784.39	4736.35	4757.98	4732.03	8720.18	459.276	9242.53	
25	294.831	315.183	394.135	304.886	353.758	343.305	351.897	351.663	357.611	327.551	329.498	342.813	307.302	10.632	185.055	421.145	421.555	502.492	667.47	672.822	4773.5	537.547	4787.15	4798.19	4736.15	4736.97	4733.21	1888.28	385.487	9243.54	
26	347.763	366.821	356.977	367.497	347.391	390.971	346.524	336.78	355.15	359.161	349.336	323.215	283.146	18.1025	190.706	423.037	418.089	442.489	574.411	607.421	4784.34	4777.83	4837.23	4795.59	4737.68	4756.15	4752.12	497.931	3753.35	9242.81	
27	299.634	364.133	338.478	287.457	385.309	335.759	330.895	330.215	346.008	341.9	326.711	345.45	309.522	5.23259	186.147	420.452	440.157	489.542	616.586	601.088	556.129	244.769	303.025	4835.78	4752.65	4752.96	4739.63	455.053	398.551	9243.53	
28	293.414	322.237	331.383	366.125	301.401	246.216	328.927	338.374	331.562	353.589	343.733	344.039	292.578	0	208.171	485.742	442.322	437.737	584.996	595.862	4789.59	4817.44	525.277	456.292	4735.99	4748.45	4740.08	391.012	4664.51	9242.65	
29	297.829	324.161	268.001	250.2	364.595	349.745	348.114	331.857	345.488	338.365	338.254	294.497	290.535	0	246.788	442.882	437.11	417.196	658.692	4834.01	4777.35	484.011	4805.94	532.884	4732.06	4753.25	4759.65	2395.41	690.513	9240.85	
30	287.171	290.705	297.11	251.401	314.129	343.251	352.042	344.358	352.053	359.581	328.852	285.707	268.327	0	205.382	434.152	432.099	443.193	684.688	672.246	4805.16	539.991	492.339	4799.35	4755.04	4756.96	389.669	4658.04	9242.39	9169.57	
31	345.934	370.038	356.556	352.989	344.11	306.534	340.519	323.052	346.71	340.021	345.294	499.358	232.376	0.141421	206.715	445.701	420.105	491.008	556.716	451.175	462.753	4785.56	562.484	4742.77	4755.42	4768.91	4763.5	2373.75	6962.27	450.363	
32	389.451	351.872	229.504	357.409	292.808	293.588	347.893	339.145	324.316	342.277	324.067	290.318	228.007	28.2631	203.683	434.588	438.185	436.242	477.946	582.796	555.76	4728.04	4794.59	4816.27	4739.4	401.374	417.794	2358.4	443.514	443.215	
33	288.76	333.498	319.248	347.023	355.48	352.123	350.333	339.604	323.962	341.121	332.447	327.391	227.196	0	244.383	440.929	437.806	449.738	555.37	600.246	4793.26	4796.46	569.057	636.472	4758.43	4738.39	391.924	4678.27	9242.87	448.072	
34	337.86	212.4	295.837	324.357	328.654	354.106	328.174	338.712	349.294	358.038	329.558	338.658	226.971	21.783	199.219	447.054	420.675	416.566	612.721	574.641	4780.81	4828.84	4818.55	565.244	4751.14	4753.79	4739.3	4658.54	6992	460.609	
35	296.659	342.966	157.001	277.201	371.849	308.531	340.078	288.302	354.196	330.367	319.575	340.552	221.183	0.565685	190.997	437.701	429.389	445.839	4769.64	557.885	4832.28	533.22	564.588	4806.31	4733.17	4752.95	4753.75	4665.48	457.249	466.618	
36	336.208	363.368	351.485	304.803	283.626	279.544	342.608	332.87	337.815	351.044	351.174	336.55	262.139	25.767	249.638	427.361	424.709	450.166	480.111	378.722	536.262	4829.98	4793.05	4771.4	4756.6	4733.08	4738.22	4670.21	4668.8	666.81	
37	315.319	311.095	302	319.805	348.891	228.37	353.129	322.245	352.511	348.426	328.132	337.347	222.251	0.141421	197.474	443.96	428.118	440.223	654.433	549.758	4779.14	546.742	448.436	4797.46	4780.89	4732.65	4740.35	4682.33	687.191	9242.62	
38	362.264	299.603	305.589	173.5	283.145	283.712	340.444	341.995	329.826	350.754	341.355	339.691	208.626	38.0865	242.931	441.354	435.265	418.052	447.334	664.003	4819.94	4795.17	4724.31	4771.32	400.204	4757.75	4747.89	4680.89	439.138	9242.7	
39	302.294	331.14	326.243	358.498	259.201	335.937	323.379	339.647	337.007	353.692	336.866	319.669	261.941	2.96985	181.613	436.078	486.283	436.837	704.17	595.48	561.404	4795.63	4780.05	4780.05	4738.36	4747.46	4763.86	4955.73	6993.37	9242.4	
40	185.7	353.873	359.532	338.252	346.933	338.374	345.072	324.873	337.149	344.719	332.418	351.897	197.743	17.6409	262.853	423.303	415.29	499.699	689.203	591.454	4796.46	539.316	615.171	4767.86	4738.91	4764.92	394.575	2207.47	3522.47	9240.12	
41	341.842	295.209	357.179	347.887	251.901	305.83	343.639	325.972	332.509	361.005	339.441	334.784	238.395	19.6621	206.45	448.588	434.528	440.315	575.373	539.227	4784.94	4727.24	463.665	550.513	4738.74	388.023	4757.01	434.999	1092.62	9243.63	
42	250.7	349.139	244.6	350.572	240.4	352.926	321.081	342.777	344.547	331.95	335.028	329.99	418.857	32.3818	250.014	435.617	418.168	452.772	689.976	4776.99	539.066	4775.45	540.343	4734.13	4740.46	4733.71	4734.62	4784.03	386.894	9243.11	
43	280.995	357.633	315.225	351.168	369.654	312.749	314	342.966	330.294	325.161	329.971	326.468	485.411	34.0588	242.993	412.987	417.079	443.173	589.827	4721.96	4746.82	4799.36	4785.35	4806.39	4752.7	4756.65	4735.13	443.193	4669.42	9242.74	
44	333.497	346.494	337.132	124.701	230.101	348.901	347.612	343.755	336.786	342.79	343.612	342.445	433.944	26.248	187.335	423.703	435.721	434.219	661.16	4823.61	4787.48	4795.42	4790.4	4788.92	4752.7	4766.63	4752.5	2354.51	703.73	9242.24	
45	343.465	295.826	308.05	363.359	372.512	370.371	336.174	351.187	344.437	327.901	342.498	342.307	451.02	94.2406	200.165	414.232	432.239	430.865	593.415	403.105	4772.71	607.289	4772.38	619.407	4757.45	389.448	4740.77	4961.27	9244.88	8990.55	
46	355.802	335.048	361.705	316.274	328.743	321.269	322.153	327.308	351.207	331.699	325.831	338.671	435.72	43.2671	198.929	438.362	441.474	430.79	501.748	4753.54	4829.38	4796.34	562.815	398.691	4749.72	4756.85	4750.23	1113.59	392.01	442.504	
47	335.259	334.336	407.345	364.662	320.713	353.897	335.492	323.962	338.884	364.39	326.264	277.737	449.003	36.2353	209.826	439.043	434.825	428.86	601.953	522.867	465.794	4778.63	4818.73	4806.08	4734.23	4755.23	4739.75	511.967	695.857	450.792	
48	324.697	343.639	284.535	350.046	372.011	271.401	348.334	344.125	339.839	371.147	338.474	509.271	446.47	24.6564	201.039	414.071	437.858	440.45	403.953	4804.66	565.923	4796.44	565.265	532.579	4739.88	4738.38	4733.89	456.087	397.214	398.806	
49	264.1	325.46	320.159	353.392	338.643	342.707	354.001	332.485	344.55	326.475	336.808	299.789	434.697	28.8721	194.199	438.444	424.703	429.653	337.678	529.736	4801.04	4723.81	4816.98	4780.15	4731.12	4744.58	4739.64	2378.52	724.688	444.711	
50	338.199	300.03	335.825	258.401	182.609	344.399	337.7	322.981	322.645	356.871	348.006	516.789	490.499	35.9778	178.535	430.681	429.764	431.552	659.778	564.793	4816.54	324.317	624.962	4806.06	4764.45	4733.29	4767.49	4655.18	7433.17	444.4	
51	343.992	342.133	338.813	360.043	223.501	176.125	341.27	330.819	336.218	335.226	344.602	296.57	430.349	40.4401	250.899	452.251	434.703	424.225	768.769	4785.23	558.74	305.918	619.341	4798.11	391.208	4737.34	406.948	6968.31	437.66	467.691	
52	345.396	358.741	208.601	352.879	366.771	338.868	340.158	333.227	323.882	350.555	351.522	533.424	420.387	22.6491	202.786	425.959	431.981	431.355	594.709	4782.64	4804.4	604.718	408.846	4814.46	4738.74	4785.45	4766.63	5840.44	4649.87	442.286	
53	307.623	336.767	304.144	341.821	342.052	316.462	331.676	333.671	339.634	321.715	338.67	523.536	212.206	31.1246	193.277	444.129	430.569	490.942	590.89	539.186	4788.04	4804.97	4778.7	4805.83	4752.13	372.999	406.793	5837.03	9276.5	453.248	
54	283.668	272.208	336.867	409.176	336.1	302.924	360.566	330.822	328.022	343.756	362.055	508.389	296.47	6.08276	201.003	432.103	443.666	428.302	668.364	4741.62	4805.3	463.27	4785	4770.93	4753.33	4784.73	4740.37	5821.21	447.201	450.077	
55	329.686	338.951	319.986	341.542	325.037	363.23	332.359	332.252	334.019	359.126	337.963	508.599	306.801	36.309	200.48	447.296	421.641	434.475	611.68	4815.48	4789.58	625.864	4800.53	4792.22	4728.73	460.558	4757.8	6984.33	416.142	449.942	
56	331.134	323.263	358.577	357.541	361.909	353.857	340.537	320.021	338.992	340.025	347.118	327.334	304.642	9.19348	179.286	444.64	415.211	448.848	661.85	4825.49	527.109	531.321	4791.2	558.315	4755.36	384.405	4785.21	6983.45	9242.34	368.052	
57	339.935	308.067	312.236	310.175	401.142	291.581	338.713	335.26	345.845	332.618	327.728	334.399	288.06	31.1246	179.964	449.658	433.564	449.216	687.227	307.977	4818.31	481.71	4747.49	4776.9	4733.97	4737.58	408.323	5832.43	398.043	447.226	
58	289.741	280.612	348.765	281.811	324.94	375.396	330.081	335.959	323.515	344.146	342.004	343.2	227.099	63.3018	246.095	442.931	446.694	440.126	414.709	604.609	557.91	612.445	4800.1	4838.68	4737.36	4734.91	4737.45	8729.22	417.255	444.68	
59	260.7	92.0009	186.4	337.599	296.345	345.352	343.212	345.801	340.762	342.19	345.454	328.616	489.41	0	247.484	443.904	444.652	440.253	574.161	4736.46	4799.41	403.872	4789.87	625.667	4751.06	4782.04	4747.76	986.812	8841.98	446.733	
60	274.394	318.453	321.405	269.7	341.521	343.068	316.702	328.191	330.722	335.037	330.795	346.292	241.744	35.5801	246.027	419.649	415.335	453.247	585.898	4796.63	4729.29	4836.91	4820.26	639.196	4780.97	462.821	4780.69	6965.83	4672.48	389.336	
61	335.938	397.702	312.758	285.922	203.402	363.325	320.002	356.452	344.258	341.744	330.726	339.65	230.17	0.707107	207.59	437.489	415.143	442.306	582.64	530.432	4743.97	483.414	550.074	483.357	401.205	403.586	388.789	8989.92	2212.02	443.215	
62	347.175	335.346	219.302	306.518	357.422	340.325	332.705	329.081	341.159	329.508	326.08	319.411	242.121	19.2676	194.295	443.51	434.848	427.768	586.925	4787.06	4723.7	607.921	4813.69	557.428	4755.75	4740.11	4781.05	713.166	441.212	455.673	
63	265.1	320.469	384.265	331.943	345.424	288.87	338.931	332.61	324.013	351.282	341.818	328.186	214.377	22.6632	246.852	443.526	439.929	434.814	673.24	4832.37	4780.86	4776.89	4780.22	4846.41	4734.21	4739.68	406.734	398.053	684.175	389.702	
64	296.906	351.177	331.661	264.6	347.177	355.079	343.443	323.59	341.947	340.763	324.699	320.726	283.654	37.1849	244.955	433.946	423.137	451.671	669.564	444.122	539.687	4795.78	4721.33	625.186	4733.54	4757.51	4757.62	4659.82	4685.73	453.818	
65	336.554	325.868	339.078	359.603	148.901	348.106	336.067	323.897	329.764	349.516	334.831	322.149	302.496	0	243.501	434.438	433.439	451.49	668.198	549.787	4801.74	628.748	4774.75	455.693	4770.96	4738.5	4733.04	6983.14	393.466	452.089	
66	337.805	364.525	345.737	380.343	356.372	341.007	332.839	321.988	352.838	344.954	329.498	329.023	271.908	17.6556	194.975	443.842	439.519	432.905	659.001	609.485	4821.62	546.618	4784.46	536.964	398.405	4758.76	4733.84	4394.09	9279.33	437.597	
67	319.39	223.201	272.875	327.649	285.373	341.424	343.435	345.479	335.571	345.626	336.773	323.747	269.753	43.1648	200.868	418.439	423.815	446.672	587.328	416.176	539.649	4796.29	4808.63	4804.15	4739.35	4755.98	4757.93	720.143	8259.96	394.357	
68	264.902	331.828	330.036	344.707	356.568	327.461	321.106	334.983	352.958	324.79	296.41	327.098	206.868	25.4244	201.574	438.215	421.253	444.087	616.722	587.758	4783.79	469.44	4771.69	4792.91	4740.42	4751.78	4753.99	389.292	450.101	392.306	
69	409.516	296.823	183.501	351.433	231.303	318.612	334.655	332.418	339.681	328.717	306.654	341.778	198.558	0	244.574	433.721	426.772	431.892	535.397	677.517	4812.96	541.885	635.457	523.077	4751.34	4733.17	4764	4673.76	521.706	395.371	
70	380.685	298.664	320.144	400.403	323.355	337.893	327.676	331.307	324.888	328.874	283.988	337.838	228.344	24.9243	195.46	441.14	436.918	436.35	614.07	671.052	4788.43	4762.65	551.868	539.503	4762.92	4756.1	387.154	5836.44	4097.08	381.436	
71	358.123	320.591	306.903	404.925	363.532	321.989	341.411	341.385	335.446	327.846	297.427	343.913	224.469	0	199.317	430.226	433.782	452.659	533.053	597.374	4771.79	4783.75	4782.74	4789.31	395.335	4737.18	4757.93	1777.98	475.64	444.066	
72	188.601	316.87	354.528	315.071	340.262	318.494	360.513	327.875	322.606	345.877	326.606	281.815	228.085	8.06226	187.312	488.57	428.841	445.809	4793.21	690.303	611.34	4775.58	4746.05	485.809	4735.59	4754.25	4752.28	3534.54	8121.57	435.733	
73	333.483	361.25	160.401	310.24	348.916	315.353	329.93	338.359	345.951	336.75	350.243	301.222	427.815	26.7507	185.542	439.313	423.885	437.534	4832.25	305.753	467.611	4807.03	4797.89	531.314	4740.39	4753.03	4729.31	2941.41	1156.02	469.739	
74	343.476	339.764	353.294	347.713	321.461	337.525	333.505	331.63	340.176	368.845	341.425	296.687	444.455	0.141421	248.876	439.688	420.982	423.003	556.235	574.822	522.852	4784.46	4797.06	4805.58	4752.52	4738.08	4735.82	3534.59	441.776	441.074	
75	283.14	359.723	327.471	239.201	311.535	269.427	338.527	324.607	339.192	350.351	300.897	286.042	429.124	42.0811	201.693	416.997	418.412	438.205	4818.72	560.253	4802.83	4731.66	4781.19	4821.98	4737.3	4738.25	4749.12	3508.89	2216.93	453.107	
76	327.805	263.601	315.622	336.29	337.245	392.893	346.609	322.69	344.303	361.728	335.601	285.802	377.777	36.3255	250.836	438.257	420.856	432.619	770.457	489.838	4799.68	4795.07	4793.6	533.185	4756.1	4756.77	4754.61	2066.45	394.818	390.542	
77	291.898	283.405	296.336	361.929	321.661	379.823	349.658	344.439	349.706	328.267	356.227	288.986	294.333	15.6051	204.291	445.469	424.682	485.603	605.25	552.572	4804.01	625.85	4808.28	4807.02	4734.85	4784.5	4783.82	653.777	3723.84	444.093	
78	299.01	329.606	304.097	292.361	315.561	286.46	337.201	344.089	326.593	346.127	345.848	531.199	307.077	14.0911	192.379	442.57	442.415	489.034	605.472	4700.12	618.842	556.426	4797.09	4771.49	4754.65	484.662	410.486	479.744	393.131	444.216	
79	317.504	339.149	307.833	338.508	369.272	367.494	331.193	339.378	323.584	345.828	325.875	279.431	302.562	0	196.381	442.094	430.518	435.685	609.702	531.024	610.591	4790.4	4798.98	4785.22	4766.12	383.136	4758.14	4685.95	2070.15	451.336	
80	297.299	305.472	280.277	382.569	357.378	324.665	332.626	324.818	334.051	355.671	346.147	340.451	283.417	7.98123	184.497	447.495	415.665	423.183	545.528	517.901	339.489	4806.61	622.162	4787.99	386.456	4751.78	4738.8	5817.66	698.818	9279.07	
81	352.474	282.364	321.702	369.979	360.958	350.032	344.684	334.518	332.206	327.32	326.404	279.387	288.454	29.9817	199.728	418.337	428.452	439.292	688.109	529.154	646.273	4729.66	526.668	629.372	4735.45	4754.15	4752.8	1237.69	436.751	9279.76	
82	341.468	293.306	313.055	370.356	400.276	317.788	334.753	339.72	338.167	335.936	338.666	284.966	316.897	0	248.939	428.975	438.253	413.341	551.983	4782.16	530.389	464.83	4842.76	522.939	4737.21	4731.14	4764.89	2361.69	2095.02	9276.25	
83	371.475	346.699	325.465	371.327	380.529	303.034	349.035	327.44	323.817	327.511	333.605	342.728	295.37	6.92965	193.325	445.654	421.924	487.571	682.491	612.599	4798.9	528.282	602.681	624.361	4728.88	4763.94	402.903	3502.09	403.143	9279.12	
84	305.175	327.17	317.087	347.312	263.7	333.166	346.206	343.505	332.953	336.273	337.875	286.136	307.921	19.7408	193.18	418.71	430.833	432.521	596.522	405.796	4790.39	609.306	4817	605.315	4763.45	395.079	4732.94	3529.62	1809.87	9278.39	
85	287.862	354.227	227.2	376.685	332.663	352.965	346.807	327.073	331.366	328.807	347.476	276.225	260.919	41.199	206.4	444.572	421.447	417.024	608.329	4788.58	4731.71	481.624	475.056	4675.9	392.219	4737.09	4781.27	2953.45	565.929	9278.65	
86	345.903	274.719	336.779	343.225	371.157	375.27	330.754	336.011	346.921	353.842	346.137	286.665	218.773	4.94975	200.529	441.151	430.111	445.516	620.427	4765.84	390.795	605.431	529.853	4794.99	4753.25	4756.01	378.674	3512.21	4685.29	9276.19	
87	303.459	322.151	345.905	328.984	262.758	326.697	348.556	336.59	343.206	350.785	334.728	333.764	239.448	26.6728	253.114	441.989	417.383	443.985	616.642	485.041	4779.7	4811.95	4771.32	4815.08	4735.62	4738.88	4740.12	3523.35	674.814	9275.76	
88	331.763	343.702	335.385	249.101	325.817	362.538	339.423	341.613	339.695	327.13	327.166	342.591	440.284	9.16079	243.692	418.159	442.879	450.057	594.902	531.695	4777.68	4775.92	4733.99	4813.71	4748.63	4752.56	4762.75	3536.1	3510.63	9276.35	
89	304.192	355.032	350.878	313.516	365.47	324.501	358.248	333.49	323.036	346.725	327.912	338.549	212.464	20.8038	204.945	444.151	435.803	431.168	443.839	4780.57	606.133	4777.61	543.273	4800.11	4755.77	4754.71	388.022	2390.3	480.904	9278.48	
90	294.387	257.801	396.385	407.082	328.793	351.59	332.889	336.395	322.804	321.626	338.951	333.805	214.293	0	246.6	432.634	418.485	438.376	583.778	337.337	4780.13	4784.88	4789.61	4795.29	4733.66	4764.8	4753.94	1225.06	379.453	9279.03	
91	318.582	318.065	327.252	362.06	323.993	327.773	334.521	339.017	345.453	357.619	343.361	350.312	304.2	0	199.389	435.512	420.238	439.299	595.545	605.149	393.357	4980.01	4784.25	4772.9	4735.73	390.681	1246.2	2360.36	1090.79	9278.94	
92	372.985	362.999	352.592	397.915	413.632	348.343	345.067	326.472	336.218	347.931	332.392	336.628	308.006	40.895	195.92	439.513	433.294	446.286	594.713	589.643	4785.25	608.57	4780.95	597.403	4758.43	4740.27	8699.58	5830.64	444.363	469.915	
93	319.01	362.261	296.1	357.828	352.684	353.133	328.491	348.444	328.489	346.219	331.092	292.533	220.684	0.141421	207.833	427.846	431.561	417.027	661.037	555.859	4785.62	4812.25	527.869	4814.85	4751.8	4739.66	764.436	2500.43	1188.78	441.146	
94	363.006	286.489	333.114	339.728	338.762	332.049	326.784	332.589	327.836	332.202	336.058	291.86	263.137	48.2933	202.3	490.46	439.776	412.832	747.467	4814.68	4801.55	4815.94	4766.94	4772.63	4749.9	4757.13	620.536	1008.99	9247.07	374.161	
95	226.801	328.578	351.989	303.087	328.68	242.7	345.388	326.444	351.553	357.861	332.427	289.348	273.765	32.0924	202.057	441.714	433.948	443.166	614.689	4785.11	4690.08	618.506	479.937	4797.8	4733.03	4737.14	438.612	415.482	8150.96	393.484	
96	316.572	351.748	380.093	354.061	312.55	342.193	349.661	349.846	368.776	330.849	334.121	518.587	230.277	27.8657	207.103	451.25	445.256	497.506	502.928	4812.7	552.792	452.827	626.104	4787.58	4737.15	4755.56	1224.61	404.295	387.108	390.434	
97	307.604	358.517	302.193	353.47	324.614	343.566	346.908	332.49	332.227	345.849	338.412	330.983	234.832	37.3015	194.587	432.206	425.244	417.607	580.857	4780.96	296.769	4798.03	375.283	523.182	4739.13	4758.53	2500.5	5175.43	4619.51	444.773	
98	349.913	320.963	303.368	353.027	358.04	301.381	342.89	317.324	335.537	356.039	340.407	341.654	446.824	23.6191	197.182	427.259	426.719	492.553	546.539	546.385	397.788	4774.02	4798.14	476.455	4762.45	4735.42	1020.38	512.557	6991.28	399.566	
99	316.185	324.225	322.607	362.268	327.641	168.799	341.423	344.665	349.538	337.801	338.377	327.504	503.395	8.10432	202.011	435.914	429.725	439.494	4819.87	563.906	4814.03	4839.59	4764.82	480.264	4751.5	4740.33	424.717	8145.88	382.352	453.507	
100	360.019	344.292	355.978	383.505	344.859	331.17	328.683	334.981	342.043	371.37	340.253	338.427	439.051	19.151	197.28	429.501	444.245	432.855	486.387	693.279	4799.55	625.122	533.271	466.209	4734.22	4731.52	4781.91	706.522	4631.67	450.649	
101	313.95	286.168	299.873	264.902	330.091	327.452	344.502	332.081	331.814	328.405	349.028	323.149	443.789	30.1705	204.265	425.915	451.719	486.865	470.96	463.809	4768.74	599.984	4803.29	604.888	4744.14	4763.31	399.37	379.656	8736.3	464.196	
102	322.059	299.638	272.903	375.152	337.121	363.127	342.897	314.522	344.036	343.652	329.164	362.313	220.233	43.911	203.854	442.153	420.056	436.269	632.686	362.676	618.848	4776.97	4787.78	4797.02	4749.98	402.632	2383.48	5812.41	467.334	9240.32	
103	304.799	349.334	343.724	298.271	347.025	308.198	342.341	320.886	340.192	350.846	329.536	338.736	218.231	43.0035	250.013	488.527	433.314	439.573	568.287	667.017	563.881	4773.42	538.576	4794.9	4744.19	4756.59	4717.14	2946.9	440.66	9242.79	
104	321.609	338.824	356.629	174.201	338.683	269.448	356.965	342.435	337.501	348.228	355.006	326.132	214.655	30.4907	203.319	441.504	436.963	517.823	601.993	681.139	4790.19	4733.16	4815.24	610.73	4753.63	4755.21	2408.01	3521.59	412.1	9240.54	
105	309.044	320.718	318.326	356.891	291.5	260.506	340.489	330.296	341.047	334.81	335.046	328.079	228.528	0.141421	197.497	441.18	443.587	434.6	661.033	583.26	533.839	644.859	4771.3	4802.49	4752.21	4737.84	2410.97	1875.48	9276.4	9242.78	
106	317.161	337.235	322.131	342.958	270.156	355.378	347.599	347.464	345.646	319.637	337.948	340.083	217.778	30.4171	197.983	449.734	439.271	451.965	668.73	528.88	4778.51	492.224	543.016	4795.75	4755.54	4763.14	4685.7	466.962	9023.08	9243.09	
107	353.506	262.2	336.241	281.713	321.098	292.677	304.401	331.591	339.388	364.78	336.952	344.495	208.557	34.9105	192.767	431.651	442.702	432.296	600.946	568.673	4683.11	609.661	4833.59	4795.4	4731.66	405.526	4704.61	443.449	4091.58	9243.29	
108	103.1	268.102	356.455	359.892	347.34	327.122	353.629	320.269	329.769	341.605	332.644	277.819	264.509	33.1475	193.641	439.38	440.453	453.986	668.35	4814.56	4787.43	525.813	4790.99	4762.48	4751.85	4751.18	2406.71	6963.39	397.158	9243.11	
109	237.9	321.907	295.413	347.559	293.963	356.158	330.021	344.215	343.976	329.01	348.219	510.922	219.35	29.5462	192.501	423.692	421.185	439.013	532.745	4779.77	4787.33	4780.62	4780.76	4812.63	4740.77	4783.09	2419.66	3511.06	449.515	9240.28	
110	293.168	186.402	309.282	346.539	187.901	311.91	320.142	333.454	323.114	339.573	320.094	510.531	263.053	0	256.591	440.758	419.875	447.556	322.558	4773.3	4792.55	557.958	4790.68	4790.78	4733.86	381.068	2389.76	3532.84	9242.22	9243.31	
111	329.554	316.08	350.576	244.001	340.45	256.802	339.446	336.253	319.708	355.425	339.647	321.562	214.274	10.2616	204.85	419.436	438.319	442.34	615.05	4814.66	611.734	4793.14	4778.53	4772.58	4737.32	4754.17	2393.6	717.94	9240.47	9207.39	
112	328.272	307.186	290.032	318.382	370.378	324.974	346.867	352.437	341.534	337.281	338.644	332.684	280.624	27.9145	198.785	444.142	426.173	440.051	475.686	4816.01	4831.86	473.836	4835.64	4772.31	4763.38	4737.42	4725.11	743.049	9239.91	446.239	
113	347.178	244.1	397.892	346.1	294.419	366.643	343.34	318.259	358.473	342.988	330.71	347.628	293.7	28.4369	192.21	441.58	432.418	440.781	615.22	568.536	527.237	555.635	619.381	639.894	376.17	4739.57	2411.76	2227.09	9243.16	391.246	
114	325.379	345.89	355.103	357.582	314.355	363.43	342.529	322.898	313.451	337.242	341.668	344.583	321.402	24.3516	202.399	443.622	433.771	442.824	568.267	4786.17	4814.26	4800.79	568.908	561.831	4729.19	4758.42	4714.99	512.313	9240	452.672	
115	314.72	325.286	349.994	331.173	334.34	330.684	348.428	342.629	324.044	322.093	339.249	339.511	307.303	36.521	207.639	444.556	436.646	433.788	602.515	4812.91	4789.57	4819.82	4824.67	4796.63	4757.65	4744.56	4687.66	7001.04	4668.69	448.949	
116	318.497	396.037	323.876	305.706	197.9	328.714	351.092	340.81	341.19	333.517	322.757	339.849	307.36	4.80833	264.75	438.452	434.916	438.602	606.923	4799.15	610.641	638.705	563.916	4722.81	4735.78	4749.13	4711.48	5815.14	441.091	458.594	
117	286.771	287.229	359.604	314.559	352.856	364.059	337.162	369.718	342.136	332.279	339.051	328.984	308.309	0	205.454	443.401	432.17	431.964	673.01	380.488	536.856	540.943	4786.71	74.9605	4753.99	4732.16	2419.53	2930.77	399.454	437.795	
118	370.191	322.322	351.261	348.454	230.001	228.503	338.471	323.877	340.835	357.418	341.185	361.045	262.382	0.141421	200.941	452.37	420.007	452.642	583.203	4737.47	4795.47	4776.14	4779.42	4780.63	4740.16	4734.17	2408.8	2946.42	391.063	441.749	
119	319.061	375.563	327.461	367.808	318.567	334.102	358.059	346.352	336.461	333.07	333.851	332.959	219.866	43.7532	194.344	429.103	442.559	489.798	691.129	4796.61	4798.1	4798.92	4796.77	4778.13	4749.72	4755.7	2410.19	1884.73	443.346	399.04	
120	324.379	314.925	268.601	348.507	350.569	227.4	337.509	336.27	338.36	337.231	334.635	325.471	282.54	0	192.695	430.02	418.106	438.985	358.104	4815.08	546.968	4798.23	4777.9	4781.1	4737.84	4736.39	2385.31	511.573	715.105	454.702	
121	342.762	272.456	334.426	362.128	278.816	331.523	346.004	334.055	319.447	325.946	329.451	327.639	286.845	6.58635	195.362	417.557	437.935	442.26	584.223	4787.33	4799.19	4789.46	4739.44	4802.92	4730.43	4782.54	4721.74	387.415	9169.55	438.038	
122	329.964	352.021	333.629	343.485	325.189	311.69	351.299	331.028	317.338	346.71	330.527	325.7	278.58	0.141421	200.408	439.057	450.995	443.156	599.391	481.76	4785.24	4771.13	4785.62	4773.99	4736.75	448.588	2391.7	5823.41	372.908	445.296	
123	323.033	303.919	311.607	333.608	353.373	392.646	340.808	341.956	325.316	355.859	329.666	333.026	279.626	28.1556	202.931	433.027	431.505	437.737	404.269	559.395	4749.88	4714.77	4816.8	4783.71	4749.12	4757.6	2419.56	3519.2	9204.07	447.083	
124	348.486	364.799	343.564	360.476	380.519	334.216	320.301	327.364	329.007	361.142	347.056	320.594	306.301	52.0384	204.192	421.477	425.414	444.789	596.801	4693.18	610.063	4836.35	553.933	481.561	4753.79	4733.15	2411.49	2962.6	401.805	396.169	
125	257.3	309.289	233.191	346.988	343.747	268.538	331.594	338.595	342.779	332.298	338.442	290.051	303.972	43.8858	203.877	449.169	438.264	431.952	588.121	4738.06	643.439	544.826	4778.78	558.878	4737.41	4755.88	2397.67	751.429	9204.15	399.078	
126	335.179	328.705	343.513	297.32	329.073	297.81	325.396	321.715	335.115	326.674	349.225	292.247	315.215	46.5102	184.571	424.382	441.034	515.487	575.691	4802.66	468.264	4777.89	641.809	4786.57	4743.99	4744.28	2387.42	755.659	394.277	443.552	
127	308.091	178.101	237.8	338.713	202.701	330.168	337.093	342.009	352.831	330.699	331.658	495.153	276.426	3.53836	193.814	443.664	438.018	442.812	681.05	518.709	527.766	383.751	633.565	4803.83	4749.65	4731.72	4694.27	732.425	2084.54	445.528	
128	328.968	326.615	345.558	332.451	339.012	221.284	335.702	339.444	347.051	339.456	344.817	524.99	287.191	21.3925	191.326	353.611	437.353	443.982	614.379	441.273	4779.71	4785.82	547.484	4790.54	4754.11	4738.15	2395.69	1240.26	2250.54	466.854	
129	299.265	325.398	334.914	358.998	369.853	335.544	342.572	341.336	349.582	360.056	338.549	495.102	301.396	42.5967	249.128	422.698	420.45	439.709	674.129	539.288	467.741	4780.54	4765.99	4802.53	4781.71	4752.67	2397.26	718.543	437.692	398.151	
130	199.5	214.129	355.603	354.432	148.801	354.956	350.026	337.167	340.634	360.662	338.641	532.084	297.025	0	212.303	434.097	428.014	446.188	601.173	4775.63	533.832	4763.92	542.874	4778.58	459.744	4735.82	4683.54	3529.67	1213.69	440.464	
131	317.24	306.879	184.801	365.467	240.102	277.612	333.562	333.282	332.014	331.806	346.147	511.926	301.978	0	205.753	442.142	489.838	434.495	602.012	719.696	608.187	537.923	4746.83	4799.46	395.965	4740.16	4689.87	2929.23	6993.21	443.14	
132	332.652	362.752	363.24	318.025	317.478	204.101	339.367	337.518	332.516	324.985	321.652	527.439	272.299	0	256.594	425.503	428.261	424.685	551.295	4781.61	4797.96	4773.83	4778.2	4787.02	4729.4	4755.75	4687.12	3514.48	479.88	440.132	
133	249.1	342.28	338.507	277.101	376.614	346.542	325.721	334.283	332.289	340.935	327.753	309.142	303.112	22.3759	209.728	431.203	429.161	424.294	568.924	4771.23	4828.69	4804.54	4789.25	529.112	4735.37	4753.82	377.004	2930.68	8157.66	456.424	
134	225.902	331.303	299.123	388.515	267.202	419.262	354.699	332.581	344.753	361.416	338.661	295.397	305.393	44.6806	199.453	441.426	421.793	437.709	668.954	4793.07	479.489	808.958	661.761	4788.39	4751.9	4740.42	399.112	2950.23	439.131	437.766	
135	337.192	312.312	326.031	321.511	311.79	319.394	344.344	333.021	331.937	332.64	333.488	505.667	274.331	30.3137	247.74	446.086	432.956	402.36	600.125	530.22	633.87	535.661	394.863	654.603	4736.78	4758.22	4734.41	3500.73	7079.34	449.93	
136	327.612	356.874	314.156	290.243	411.604	307.034	340.931	324.812	343.965	361.867	335.688	517.586	291.19	31.122	195.571	428.006	431.158	402.508	664.623	4704.82	616.579	4798.95	4804.43	627.521	4753.98	4749.84	4738.38	2936.35	6989.38	392.936	
137	336.092	349.7	350.983	360.649	329.305	394.365	331.977	336.216	321.534	331.014	338.139	516.5	285.218	0	179.934	450.69	427.615	427.576	657.607	483.52	559.407	4737.26	556.353	547.188	4781.14	4786.62	4742.61	2385.31	446.007	386.732	
138	299.42	294.543	330.724	346.908	323.991	355.973	338.377	361.391	336.394	337.872	332.082	523.359	305.597	7.49533	253.428	431.275	426.574	431.981	600.404	635.534	4708.02	4792.7	4833.96	4833.86	401.502	452.908	4740.55	4397.81	461.937	398.928	
139	303.429	344.025	351.976	396.52	340.324	350.252	322.753	331.638	329.554	362.127	325.672	519.317	305.628	0	193.441	442.6	423.839	425.105	681.933	548.028	4805.52	531.481	557.7	403.531	4755.42	402.899	4759.15	580.635	9132.48	388.045	
140	326.611	312.638	348.383	325.815	309.51	317.872	347.623	331.74	327.725	351.851	320.284	509.208	259.67	35.223	198.554	486.253	440.266	451.041	608.384	4798.77	471.346	4790.98	4734.86	4777.85	4737.16	4756.12	387.646	4797.04	370.405	461.506	
141	326.112	362.04	312.8	349.647	340.111	224.901	345.647	338.436	327.102	338.904	343.945	341.551	213.384	83.0646	201.315	430.704	432.082	424.27	498.013	471.7	616.536	4746.98	539.657	4798.38	4765.42	4736.94	4752.39	2375.88	438.564	397.861	
142	325.828	326.947	337.202	199.4	366.698	273.282	329.794	325.631	337.835	327.797	343.401	356.845	311.848	29.8814	193.367	435.192	427.375	417.787	594.219	447.523	552.86	4754.65	4838.34	4798.55	406.202	4752.81	4787.47	6972.39	408.97	446.377	
143	288.844	270.706	342.072	339.926	308.017	355.276	328.028	326.499	341.626	326.782	336.828	325.889	303.758	0	199.511	434.598	432.706	429.695	473.959	4775.44	4778.08	385.597	475.528	4784.72	4740.37	4736.47	2069.64	9024.32	9276.09	460.791	
144	324.076	333.631	356.359	333.43	355.232	350.5	341.248	324.58	348.108	334.325	324.23	303.305	238.624	6.08112	243.941	447.111	434.76	500.591	632.519	4783.19	477.436	4790.54	529.408	564.084	4733.08	4764.48	1369.95	650.101	9275.36	440.625	
145	312.134	351.771	293.478	351.337	354.828	353.408	334.749	337.303	333.158	342.667	338.75	285.29	241.182	30.7782	202.001	443.859	441.483	428.331	566.989	4796.59	535.54	451.695	4776.97	4796.47	4755.75	405.233	454.65	405.909	9276.46	400.652	
146	342.606	319.917	347.519	370.396	368.622	229.4	348.936	335.697	341.531	355.334	333.705	503.893	435.514	0.141421	210.044	412.781	438.32	440.932	591.855	619.067	4783.66	4795.45	4785.11	4789.43	4734.84	4756.66	4750.67	2385.18	4685.83	392.41	
147	305.543	346.295	326.811	369.306	347.98	464.829	349.173	342.176	340.433	360.745	325.297	340.297	425.693	39.1134	199.351	444.602	431.647	427.242	948.901	643.267	4745.31	4823.4	4734.65	4721.74	4735.95	4752.75	2403.31	6975.12	398.078	445.811	
148	334.62	359.528	273.119	245.001	318.787	330.376	337.482	348.96	340.773	339.174	336.56	320.496	433.142	0	177.776	431.554	422.255	498.48	597.207	479.583	4778.81	539.123	4722.01	4701.78	4740.56	4768.39	8157.04	3645.46	452.193	438.872	
149	290.353	340.674	24.0666	392.835	334.901	284.211	339.322	330.178	361.763	327.894	329.317	342.154	493.176	38.8561	195.497	436.026	442.198	435.026	507.759	311.134	614.339	4913.96	531.137	4824.77	4740.23	392.991	1339.64	699.35	437.933	444.116	
150	294.902	327.939	162.449	288.529	312.467	334.377	340.089	330.8	320.164	339.946	341.445	338.744	217.714	24.7952	199.889	424.041	428.742	445.069	471.976	542.731	566.809	4774.51	643.889	557.911	4754.96	4755.75	614.672	401.607	534.367	449.081	
151	299.726	345.56	335.16	320.821	379.998	288.95	327.278	340.581	343.937	343.124	332.188	337.377	215.895	0	182.661	438.871	414.504	382.369	605.356	4777.42	4831.91	4802.92	470.046	4768.71	4754.2	4732.83	405.895	4683.25	9242.31	390.987	
152	335.784	369.104	302.448	352.118	333.264	343.659	313.447	344.161	345.975	335.941	324.385	300.219	230.498	32.5026	211.157	445.106	424.254	451.066	4778.72	407.272	558.604	4808.2	540.88	626.534	4757.12	4739.05	4687.29	6993.76	9242.35	385.823	
153	352.13	357.067	281.095	372.033	337.95	305.689	375.69	345.158	337.867	321.298	321.437	277.7	211.885	0	208.83	444.826	420.222	445.577	545.236	4849.88	4815.25	4788.1	4789.16	559.501	4783.37	4758.62	4714.46	2952.08	9242.77	448.925	
154	248.401	216.701	361.095	375.747	328.545	192.5	331.525	328.115	324.128	322.891	321.088	334.144	281.33	0	249.189	430.519	434.607	452.816	304.949	374.392	4790.88	4793.06	4797.05	4788.42	408.027	4754.39	4705.37	1845.67	9242.35	464.979	
155	356.917	289.4	346.87	371.312	320.103	338.484	341.323	323.033	339.967	321.285	341.566	339.041	304.804	23.1089	196.963	441.86	439.147	489.097	548.896	4787.71	627.681	4780.65	4731.2	4774.03	4735.94	4739.8	2374.85	6973.87	9240.52	437.718	
156	329.257	333.015	330.516	283.637	370.336	313.124	327.833	342.204	349.084	341.16	349.455	331.178	305.597	5.79828	199.259	420.164	424.758	439.54	552.662	4779.62	549.143	620.842	4775.12	4792.17	4732.44	4753.03	2373.81	7109.1	9240.27	437.981	
157	320.152	313.905	345.594	333.021	365.961	348.846	319.253	322.4	344.949	334.851	337.049	356.989	306.946	9.5268	188.552	423.771	427.709	444.328	681.342	4815.73	4819.54	551.331	548.094	4785.73	4754.2	4754.16	2357.49	470.135	8989.2	441.346	
158	298.249	151.302	353.32	316.136	380.091	346.552	340.094	322.586	345.369	330.069	328.892	338.811	233.575	37.8132	208.153	417.181	426.471	487.376	670.877	4803.18	403.519	4772.26	4838.22	539.089	4751.97	4781.33	2356.69	4830.3	396.423	441.399	
159	361.179	204.4	350.052	320.66	345.178	352.852	327.807	328.602	348.953	330.245	328.049	289.188	220.303	40.6546	184.22	442.069	417.545	434.853	680.333	4764.33	4818.62	4820.81	559.315	4780.73	4739.52	387.465	4649.38	455.652	378.683	452.094	
160	335.266	267.001	352.608	342.452	210.783	339.766	339.3	330.635	320.411	345.265	334.774	302.909	311.764	1.41421	200.444	447.245	445.78	427.892	580.961	550.746	473.522	527.032	4808.48	4736.81	4751.1	4781.59	8712.28	2384.58	384.808	460.389	
161	264.8	327.604	340.534	260.2	335.561	230.3	346.257	340.053	323.889	341.643	323.022	524.44	276.443	1.9799	186.53	435.853	441.954	421.302	691.801	4781.66	639.008	4781.4	4836.82	4804.8	4740.41	459.948	1856.86	5248.01	438.075	375.212	
162	321.626	309.693	321.817	359.461	354.899	328.132	341.707	343.172	356.029	335.707	341.436	507.9	305.659	34.0485	207.181	430.809	432.629	491.131	598.185	4812.39	550.982	4797.5	640.237	4788.96	4787.65	397.091	443.611	1539.64	397.289	390.811	
163	343.815	323.065	301.928	324.282	318.849	352.864	356.135	343.126	334.723	285.276	331.164	506.348	291.653	0	248.126	437.64	427.667	488.074	580.476	4795.69	4787.74	4796.2	609.258	4799.16	393.218	4758.05	4734.01	1169.54	386.865	439.361	
164	405.394	122.001	363.662	318.924	360.371	366.207	351.439	325.57	334.463	328.539	336.798	587.654	323.444	0.141421	209.34	430.689	440.748	410.573	610.497	686.066	4785.89	4802.09	638.091	532.532	4766.01	4753.15	4715.04	462.761	393.909	457.858	
165	337.42	354.057	287.676	369.029	313.185	271.2	338.154	342.93	329.128	338.623	328.829	294.537	279.827	28.0446	205.057	430.53	431.463	490.818	686.272	4777.16	4832.4	4838.95	604.103	4779.05	409.713	4738.51	2411.56	1249.8	399.599	439.277	
166	221.8	307.344	316.66	290.751	318.221	363.128	319.75	332.438	314.095	327.345	336.671	527.142	209.424	0.141421	245.586	417.042	438.328	447.213	619.625	617.999	549.257	4795.13	4789.83	4838.18	4734.19	4752.82	2373.24	3539.5	441.208	459.959	
167	292.004	350.253	377.062	391.564	318.134	319.953	363.71	327.999	320.706	347.383	333.679	521.796	239.831	24.956	194.071	431.651	436.89	488.84	610.15	605.949	4795.09	4792.41	4727.22	554.987	4735.13	4758.95	2370.65	1785.87	398.205	454.379	
168	318.077	321.145	305.792	241.837	340.449	324.897	339.364	340.876	330.878	349.624	325.997	518.014	433.006	38.6919	202.743	487.938	442.531	485.792	583.583	4794.33	550.9	4795.24	4834.15	4780.14	4752.92	4736.1	2384.2	540.122	389.152	440.557	
169	306.834	361.447	349.966	328.81	258.707	337.351	340.077	329.378	327.649	344.511	295.563	502.585	451.54	29.1359	197.749	438.347	425.474	430.737	603.046	4799.76	4806.15	4794.25	560.371	4795.87	4747.4	4753.94	2371.94	693.091	391.734	377.104	
170	299.888	341.647	300.769	309.552	299.23	312.14	347.108	325.338	335.192	356.024	502.116	510.342	430.019	24.773	254.818	440.451	423.966	515.24	690.635	4778.92	4818.51	4773.77	4782.01	4794.03	4744.19	4739.12	2366.04	704.166	368.909	2335.43	
171	353.873	333.548	329.113	336.673	374.366	328.293	351.71	325.384	330.69	338.125	497.742	523.104	220.518	20.9117	187.773	442.172	436.997	444.479	808.546	4817.24	539.081	4747.07	4797.6	4799.03	4752.94	4755.58	2354.49	507.818	447.601	9278.66	
172	348.135	324.789	359.288	357.327	324.349	346.75	344.359	334.011	342.228	345.384	574.598	303.761	221.906	40.9038	195.979	424.922	434.221	433.867	450.37	621.241	4773.85	621.156	4795.79	4789.75	4756.8	4732.7	2362.72	501.078	4632.85	9275.99	
173	368.52	343.901	359.167	349.972	330.961	305.86	336.357	321.723	338.938	343.819	331.812	512.696	309.112	1.41421	203.447	438.606	441.144	435.034	667.204	478.571	4717.71	534.407	4799.51	403.393	4754.68	4753.29	2350.07	704.386	9278.43	9278.76	
174	291.537	342.104	326.541	307.918	350.273	333.186	324.334	329.38	337.526	340.915	293.168	569.603	211.037	0.141421	194.204	438.298	441.432	436.504	467.349	540.07	539.933	4776.35	4783.69	4776.08	4751.91	4737.14	4688.21	1514.46	8736.28	9278.61	
175	334.176	388.667	333.035	329.482	149.303	348.927	337.496	306.301	338.533	332.766	287.784	525.45	216.077	23.8008	198.703	424.991	452.187	446.567	547.095	4831.94	4688.73	4771.85	4830.4	4789.98	4762.97	4736.02	2365.45	1504.36	376.217	9278.64	
176	277.905	321.301	349.269	348.461	372.448	293.47	340.522	317.414	325.805	347.075	330.983	340.109	228.766	18.2236	202.26	419.494	438.279	423.053	685.445	525.225	4751.37	554.818	529.337	4743.37	401.636	4747.64	2355.57	1797.95	466.094	9279.28	
177	195.401	236.369	380.943	318.934	301.611	294.246	331.034	359.43	350.386	330.717	348.318	294.469	313.282	0	195.96	443.95	414.325	448.543	664.931	4762.41	4827.68	4792.8	4771.98	4822.55	4751.02	4740.25	2430.39	1543.52	9239.83	9278.47	
178	310.149	349.386	367.066	302.05	367.772	315.586	353.15	327.101	334.745	348.62	330.885	508.342	291.156	4.6669	211.105	438.872	423.046	430.634	669.466	656.265	634.759	482.203	4779.34	333.518	4731.21	4758.83	2401.15	2088	9242.4	9278.44	
179	315.436	355.731	327.432	309.108	331.143	273.3	330.17	331.061	338.809	362.576	323.56	518.827	204.408	0	200.611	433.045	437.55	492.612	191.897	532.352	640.309	556.504	473.136	320.265	4747.47	4758.47	2404.87	1254.97	4650.35	9278.49	
180	285.721	333.153	253.9	328.929	137.761	406.814	331.861	348.51	328.55	354.292	325.5	501.286	312.359	38.394	196.739	421.787	428.794	435.442	502.496	675.92	562.702	4796.5	557.975	557.414	4738.19	4762.41	4721.31	729.963	439.175	9279.11	
181	171.3	359.6	352.248	331.486	354.568	349.538	350.069	345.242	330.408	345.315	340.659	513.261	310.93	37.9816	201.871	442.333	444.43	378.047	606.104	623.49	4761.59	561.465	4778.92	4752.18	4762.17	4732.55	2409.33	716.289	388.666	9279.41	
182	269.406	371.495	301.908	289.149	362.428	347.885	340.938	335.957	342.327	345.207	341.863	524.43	297.629	48.9295	200.908	425.926	444.652	395.031	685.822	529.279	4724.93	4773.01	4795.72	4788.43	4750.84	4735.15	2396.17	739.997	390.518	9278.41	
183	328.842	356.629	367.805	356.516	332.19	314.234	349.134	339.367	339.397	339.125	336.742	289.384	285.001	9.67988	199.677	414.189	433.545	438.878	598.774	4767.29	4783.48	555.149	4788.82	549.696	4751.12	4729.45	4698.57	2936.6	395.273	9276.4	
184	315.302	342.104	375.903	335.727	375.628	316.013	340.112	333.27	344.651	333.014	349.355	510.448	236.791	42.2831	256.851	423.071	442.738	427.777	610.844	556.839	4774.61	4772.7	626.578	4798.08	4735.44	4753.52	2409.67	2940.34	395.57	9279.54	
185	361.749	310.807	347.966	338.259	215.034	334.889	344.993	336.186	339.728	348.015	321.097	330.611	264.892	96.3972	192.199	432.578	448.776	487.764	662.279	480.917	4778.34	4731.67	551.719	4839.26	4734.46	4758.98	2419.04	3519.45	442.675	9278.94	
186	302.127	347.924	587.507	321.988	219.3	332.891	346.953	330.263	351.501	338.487	335.474	353.331	448.481	34.8832	192.107	442.696	433.927	440.202	603.337	618.987	554.72	4786.12	4773.29	475.804	4781.19	4731.57	2400.06	3510.99	396.031	9278.39	
187	296.55	266.5	331.325	323.616	341.872	399.204	358.979	348.931	334.789	345.313	355.013	317.443	273.502	36.6347	187.669	486.283	447.092	451.692	620.542	575.15	4770.88	4738.39	479.524	470.405	410.88	4736.11	2420.38	3508.74	376.475	9276.27	
188	311.287	356.04	350.094	341.179	325.073	350.538	358.36	326.543	335.149	335.9	345.432	340.541	435.919	45.0131	212.137	440.281	443.561	452.703	586.577	531.513	4824.98	4796.41	619.389	632.04	4753.77	4758.66	2413.36	3620.87	392.443	9279	
189	292.206	330.974	200.8	278.731	337.975	241.03	338.357	319.82	345.155	354.195	335.279	337.647	426.737	37.388	199.231	439.313	426.547	446.669	669.896	560.057	541.087	4797.84	561.95	193.336	4738.98	4764.62	4693.79	4698.95	449.61	9279.56	
190	254.002	350.631	289.612	238.546	345.44	341.472	346.952	329.906	321.719	325.994	354.32	344.479	493.764	8.43801	253.996	418.597	431.675	451.313	397.778	4788.54	4785.71	4753.16	4790.36	551.328	4732.56	398.257	2392.02	740.112	387.2	9280.02	
191	296.66	370.017	308.911	316.825	402.669	286.749	353.157	329.168	347.79	349.728	335.286	326.489	223.345	13.6235	183.578	443.471	445.01	447.407	446.165	4829.82	4797.96	4796.14	4806.73	4797.42	4737.11	4756.18	2428.33	391.16	459.604	9278.94	
192	358.64	340.933	341.001	337.174	363.726	386.073	340.508	332.073	319.581	341.698	331.44	337.63	264.655	0	210.285	418.422	425.182	516.308	522.61	541.029	544.489	4793.09	4799.95	4772.51	4752.73	4782.89	2394.36	4924.55	445.261	9276.3	
193	314.508	296.038	340.045	303.57	320.137	357.85	331.758	321.443	327.382	322.111	333.483	342.663	264.414	0	188.752	433.772	430.272	415.561	549.71	4817.46	4777.22	4789.94	4730.27	4799.44	4730.29	400.398	2391.8	4650.45	390.206	9278.54	
194	225.4	337.82	291.395	374.439	356.876	362.894	344.647	355.766	330.301	338.328	336.173	343.068	449.79	5.51725	198.554	428.413	406.935	494.022	4793.67	458.827	4795.01	323.514	4801.94	4784.22	4763.16	4758.81	4699.27	9167.62	442.367	9279.11	
195	349.729	304.132	350.406	324.392	322.761	361.433	343.63	334.675	340.863	334.376	327.357	339.942	227.858	25.6944	198.11	486.876	423.159	435.724	713.975	538.065	4824.14	377.438	4779.83	4778.8	450.805	4756.64	2410.4	422.502	4633.03	9278.5	
196	357.656	341.448	362.818	363.009	314.888	311.063	337.304	315.532	336.097	334.254	319.714	331.458	237.18	47.3692	198.732	442.241	433.478	444.505	539.793	4789.03	556.491	544.035	4796.72	536.299	454.81	4758.2	2403.82	4800.46	9240.04	9278.5	
197	247.501	349.821	324.786	307.916	324.342	305.398	326.682	323.818	346.905	325.298	333.079	323.251	486.169	34.2243	249.761	434.284	441.338	437.624	320.731	549.481	4816.02	4781.53	547.38	4782.47	399.441	4737.95	4695.43	460.448	9242.25	9276.29	
198	259.5	329.003	278.508	350.035	329.435	331.626	349.65	315.929	355.136	357.302	332.431	338.205	424.956	5.09313	211.249	435.846	440.503	451.919	656.021	4821.68	551.385	4837.19	4843.6	4806.57	4737.61	4780.64	2393.62	508.923	9239.81	7001.61	
199	281.687	307.003	349.442	422.451	324.665	361.467	339.036	334.409	360.53	352.972	337.06	340.872	222.021	33.2758	201.927	441.724	431.087	444.437	605.543	553.586	4778.81	468.454	624.953	4825.04	4735.8	403.551	2429.1	705.154	9240.31	444.398	
200	289.474	333.942	364.603	336.308	376.452	312.664	344.104	322.135	348.441	330.09	328.038	283.852	233.363	3.25576	205.151	427.264	440.931	427.268	511.159	4820.53	4785.37	564.578	535.126	538.283	4740.63	4750.3	2399.04	4686.53	9242.23	438.891	
201	348.089	355.671	350.105	277.8	366.533	284.909	357.952	325.383	346.179	346.815	344.493	281.194	488.771	41.8536	196.294	437.823	436.703	495.315	574.642	474.034	4796.34	4795.33	4802.68	4742.41	4739.66	4756.12	2401.77	2934.5	9242.52	447.505	
202	369.537	323.794	306.909	307.175	310.273	343.419	347.614	338.196	332.399	348.018	315.935	513.346	414.866	29.2058	199.25	453.21	415.132	490.252	600.869	529.961	524.577	4780.27	4776.33	4780.91	4751.55	4753.22	436.178	727.914	9243.84	443.834	
203	363.866	321.427	367.509	254.702	294.837	339.277	322.422	325.801	336.191	362.893	334.117	505.793	427.814	20.7152	254.249	426.472	414.929	393.525	670.705	4727.67	4772.56	4753.96	4799.11	548.647	4755.3	4758.17	4680.08	845.427	9239.94	450.667	
204	320.383	311.035	278.752	378.51	351.225	328.401	337.479	326.718	325.735	337.654	329.535	498.102	492.79	0.141421	181.402	450.849	421.056	383.97	601.494	538.815	548.815	4775.58	561.773	4777.67	4757.32	4755.66	4704.16	994.56	9240.38	447.378	
205	206.1	354.49	312.522	355.328	338.038	135.601	336.776	342.013	320.367	329.498	359.172	503.824	220.241	36.7967	200.148	443.014	439.916	396.795	4802.29	4789.96	4794.76	4826.94	4682.48	4779.3	4753.46	4740.49	436.087	470.558	9242.63	393.935	
206	236.301	317.138	322.821	337.925	344.796	331.319	346.807	329.51	341.679	334.284	338.453	339.385	234.386	39.6093	185.974	452.056	452.719	389.621	628.342	698.753	523.284	528.121	610.215	532.252	4735.38	4756.03	4733.99	428.25	9240.21	438.197	
207	354.536	317.759	311.911	342.52	354.601	338.061	348.754	325.577	353.445	329.762	344.039	294.374	236.46	0.860233	205.337	434.512	435.333	437.823	535.715	610.25	4818.21	4814.52	4807.25	4747.55	4740.6	4754.77	4758.68	463.725	9240.36	399.153	
208	337.784	322.758	239.701	334.546	218.401	333.286	334.916	312.313	350.029	360.086	344.326	285.005	268.99	42.6708	191.626	422.767	430.989	501.122	617.317	391.39	527.37	4798.21	4823.24	4791.28	4731.38	4752.44	446.207	522.683	9239.72	390.709	
209	190.701	308.063	245.401	334.638	355.112	337.667	321.561	313.674	332.371	342.449	335.102	284.455	452.301	39.0702	207.154	437.021	424.394	448.093	633.021	4818.54	4789.14	4802.97	550.241	403.794	4782.32	4737.57	4734.71	976.048	9242.43	466.959	
210	312.838	320.615	356.723	331.546	325.616	349.668	328.113	337.506	332.111	330.384	350.377	288.367	426.942	0	190.831	441.145	426.116	438.284	608.968	613.934	4793.4	4833.88	4744.62	4775.24	457.975	4751.36	4756.91	1112.63	9242.82	452.957	
211	339.388	338.152	317.367	311.018	373.367	269.858	342.434	343.364	351.587	323.596	328.345	508.889	445.023	0	203.354	417.663	438.549	453.917	653.742	546.398	4751.15	563.338	535.646	532.24	411.036	4783.87	376.92	4690.02	9239.92	446.139	
212	322.701	298.377	443.535	333.661	183.505	326.539	347.206	338.905	346.882	323.702	337.241	495.807	405.866	29.3394	180.205	433.878	425.869	489.42	535.615	4802.98	613.528	4837.31	4780.81	4797.05	4784.85	380.8	4755.87	5237.48	9242.6	451.208	
213	349.769	338.873	349.742	235.701	366.779	326.31	322.734	344.92	333.391	346.719	341.07	531.615	229.9	7.35391	198.017	430.449	432.87	509.573	578.871	479.357	452.503	554.329	542.121	4798.24	409.649	4738.15	4775.89	983.218	9244.65	458.422	
214	326.568	353.91	300.647	361.467	272.271	302.884	333.164	331.606	370.82	340.485	329.074	287.958	434.147	0	194.684	416.109	427.88	509.176	369.292	557.585	239.132	4795.37	4833.75	4839.68	4731.27	4757.42	447.566	1783.4	9278.72	441.422	
215	316.895	314.875	324.356	360.616	271.101	299.745	323.862	325.329	321.891	349.011	338.417	277.651	441.945	15.1003	188.403	421.101	419.221	422.398	4814.89	4771.66	4800.2	4757.34	459.102	548.5	4750.89	4739.65	4732.37	1114.92	9276.14	448.517	
216	295.911	347.369	347.385	351.306	228.202	305.951	313.403	332.191	323.891	371.57	341.33	532.465	445.054	34.9013	201.704	420.19	424.015	441.416	4805.9	4812.36	4784.72	4771.32	555.937	4798.7	4734.83	4781.22	4769.07	6962.4	9276.09	376.808	
217	323.982	326.16	278.496	338.183	316.934	272.6	345.799	345.853	352.402	342.402	277.486	292.728	218.871	0	202.455	443.462	419.26	444.473	4785	4804.46	4800.17	391.777	4754	405.658	4751.57	407.475	2096.99	3500.19	9276.18	446.951	
218	321.194	332.032	358.601	267.601	208.616	371.211	336.054	333.673	347.83	347.92	523.246	356.146	291.428	2.12132	245.838	434.256	425.025	422.861	529.544	393.692	4773.46	4818.65	4798.08	4748.23	4730.28	4762.96	1346.27	821.661	9276.09	454.664	
219	343.41	242.101	347.347	364.024	366.62	177.19	339.429	323.732	325.078	330.838	285.987	275.368	294.405	31.0976	191.672	431.267	429.691	437.421	4803.2	4777.82	4788.66	235.836	4777.65	4795.64	4749.08	457.504	507.875	533.083	9275.96	459.312	
220	349.235	340.573	330.492	334.585	325.675	276.591	324.061	334.771	343.207	330.416	522.963	349.61	297.573	33.6574	250.902	445.588	450.582	436.706	4805.88	4829.53	4778.2	4751.01	4834.27	4781.36	4755.41	459.796	4740.57	599.009	9279.06	440.447	
221	322.072	357.341	349.798	361.392	383.289	366.387	343.077	340.127	329.954	368.264	514.09	297.42	293.826	32.0852	197.461	447.176	435.648	448.917	473.136	521.473	548.072	471.785	558.299	563.499	4739.6	393.426	2386.6	472.426	9276.35	395.888	
222	313.865	408.855	244.4	358.433	373.03	262.013	361.146	323.841	349.338	345.872	506.014	361.405	283.419	10.8904	185.734	444.142	424.803	418.103	457.902	673.967	4814.73	569.17	4724.38	4815.89	4766.02	4738.18	2392.04	2376.4	9279	385.189	
223	354.067	352.873	362.506	342.933	249.802	122.517	340.757	334.428	343.861	346.013	509.156	345.123	307.001	46.7172	194.684	446.427	434.39	496.008	550.377	474.677	4777.74	4785.14	299.817	602.987	397.537	4731.97	2399.28	4616.52	6988.98	9279.93	
224	345.044	280.23	214.102	358.382	339.234	189.3	350.018	331.307	322.54	346.918	287.37	349.29	300.848	7.07107	184.7	428.522	432.672	427.404	4769.37	467.284	4799.08	4777.24	4798.51	4795.14	4766.97	4733.67	2418.12	460.647	443.928	9278.77	
225	314.492	323.297	335.652	370.036	335.045	328.692	334.103	320.187	367.815	355.954	577.575	303.385	298.025	40.4853	207.007	423.072	443.339	447.53	317.07	608.042	4774.32	4778.36	4776.99	4783.44	395.836	4739.61	2402.09	6974.16	439.775	9276.63	
226	362.758	183.6	351.094	270.572	329.881	339.368	332.33	338.173	351.07	344.148	338.746	283.006	274.88	23.9883	200.537	426.854	440.968	380.608	552.518	352.408	467.582	4842.39	4842.38	557.248	4756.78	4737.4	4699.66	8157.27	397.539	9278.86	
227	355.071	328.212	269.201	352.842	390.667	328.603	344.014	341.479	342.724	360.44	347.376	497.198	295.697	92.9903	202.817	487.998	437.57	401.93	4819.31	663.398	255.079	528.96	4830.09	4776.26	4735.56	4756.48	2397.09	2243.31	380.842	9278.62	
228	237.704	310.046	177.001	322.96	269.102	338.066	345.603	330.441	325.831	346.449	328.001	339.951	303.76	0	206.8	453.007	440.503	420.612	305.981	538.936	4773.66	4795.05	559.167	540.911	4736.1	4758.77	2406.09	2385.09	396.134	9276.59	
229	352.548	159.9	348.999	357.701	365.068	340.884	359.654	332.083	346.862	342.562	358.83	277.742	298.051	0.141421	199.833	444.264	416.226	435.211	460.37	530.869	4820.08	4780.02	4813.84	4781.45	4764.23	4766.07	2403.98	1821.85	457.092	9278.6	
230	326.26	305.562	328.982	368.143	470.892	340.464	342.639	330.586	316.928	334.221	330.572	275.578	296.931	24.1346	202.28	439.956	420.159	375.074	613.806	490.16	640.587	4859.75	4771.23	473.152	398.062	386.661	4712.4	481.921	388.536	9278.45	
231	274.047	313.165	341.054	341.839	345.775	351.444	338.913	327.127	334.339	347.807	334.751	326.347	273.854	0	205.022	432.549	449.198	490.948	526.358	631.578	550.205	640.708	4789.58	598.073	4756.45	4756.9	4697.73	1282.91	450.579	9279.39	
232	345.571	355.964	298.738	310.488	316.365	250.404	333.349	338.795	335.422	342.287	340.129	359.155	270.378	29.1853	197.925	423.297	418.615	400.955	4792.88	468.368	4776.81	377.78	4836.92	4788.94	4741.19	4758.63	696.225	1664.03	392.533	9276.35	
233	329.609	351.931	375.589	297.32	316.047	234.088	323.409	328.86	344.116	350.042	343.317	345.506	315.006	0	191.643	433.834	434.477	431.158	615.832	541.537	524.673	543.472	528.286	471.531	4782.56	4780.91	2078.38	567.118	444.104	9276.61	
234	216.351	351.141	303.004	263.401	406.23	174.802	369.079	343.278	336.867	354.139	324.601	323.924	288.733	0	197.295	427.327	429.529	435.151	448.092	526.421	4788.51	4795.12	4772.94	564.294	371.369	398.777	556.491	439.683	390.204	9278.31	
235	173.301	328.759	329.43	361.849	372.698	280.505	342.222	325.879	332.388	327.918	340.353	330.38	326.74	7.63806	210.885	438.939	423.596	494.345	555.759	4787.12	4784.49	4789.73	555.879	4788.26	4754.59	4732.55	424.664	6415.75	389.815	9278.87	
236	339.269	346.078	353.046	316.33	371.522	275.274	340.721	344.066	342.346	352.072	346.987	339.229	239.054	28.4703	195.154	433.913	415.776	489.851	668.899	4752.22	4819.02	4785.17	4798.56	555.61	4762.72	4765.55	4739.06	1191.14	366.63	9278.69	
237	350.688	441.712	225.4	360.742	359.928	328.792	341.066	346.462	330.192	333.464	338.745	334.573	449.279	26.5635	245.274	415.949	429.799	433.064	620.978	525.069	692.449	4768.72	4805.15	4808.35	392.822	469.685	4702.97	8702.48	437.465	9278.79	
238	353.525	320.965	342.432	352.437	343.253	286.351	330.238	344.86	331.896	326.556	334.024	328.379	486.614	21.6393	208.321	442.121	436.515	443.14	691.351	4777.1	4733.89	553.123	4794.96	4795.1	4754.63	453.486	2384.85	455.368	381.438	9279.59	
239	338.757	309.967	347.056	358.088	341.214	386.095	344.039	332.156	334.878	339.08	362.75	344.482	432.332	16.6193	204.54	487.1	437.671	432.978	687.325	4785.64	4787.15	4778.66	457.625	4778.38	4754.39	392.599	4701.52	5252.2	387.457	9279.33	
240	354.386	342.459	203.301	313.571	283.011	325.501	341.203	333.697	344.024	335.316	341.372	338.835	446.957	42.1735	192.422	448.78	426.147	489.292	520.304	4779.21	4722.14	611.829	334.65	4749.55	4756.43	4734.6	2420.8	636.131	386.039	9278.36	
241	335.423	341.338	296.816	359.178	330.945	206.604	332.467	325.965	357.296	322.577	338.649	324.978	227.592	266.907	209.876	450.185	437.189	393.434	532.854	567.556	4787.39	530.233	721.338	469.703	4753.27	4783.03	2412.01	383.741	434.602	9276.45	
242	302.27	307.361	287.772	394.323	334.269	356.933	322.426	330.515	359.311	363.575	337.631	295.243	441.307	0	192.181	433.811	425.263	394.689	470.989	532.089	537.761	4784.47	4804.78	483.424	4739.4	381.836	4717.19	8156.01	396.547	9278.55	
243	289.145	347.887	333.702	269.067	312.469	265.326	341.149	335.71	330.102	338.473	297.921	281.973	449.346	11.7516	191.597	429.945	440.228	496.331	604.76	602.266	4824.87	4793.35	4776.93	537.42	4754.17	4735.3	2411.1	439.608	450.579	9279	
244	339.419	362.818	348.5	169.757	335.798	358.613	325.853	331.776	324.527	349.732	290.488	519.563	450.492	49.4684	254.122	442.442	441.886	389.546	4825.58	553.043	488.58	4796.91	545.082	4790.04	4753.13	4757.29	2395.24	7434.72	364.757	9279.88	
245	266.901	366.919	323.893	363.128	319.004	326.186	325.178	325.682	339.908	344.136	322.508	501.446	432.11	25.6008	206.351	495.14	445.584	393.112	534.072	4791.45	468.72	4782.46	4802.43	4798.53	4733	4762.3	4701.18	587.201	382.051	9279.39	
246	326.474	339.824	344.343	350.303	336.615	340.499	342.046	328.166	330.447	352.996	350.999	338.607	497.546	36.4779	191.953	451.697	413.677	394.843	4804.01	4793.89	561.883	4767.37	4687.26	548.241	4738.45	4762.5	2409.99	456.587	383.346	9276	
247	303.882	350.625	360.355	346.94	368.975	356.202	336.49	318.527	337.869	326.179	324.8	336.465	486.678	10.6405	201.612	442.23	443.477	396.963	529.341	4796.84	4799.01	530.267	4796.93	4794.25	4764	4737.45	2392.59	400.094	437.739	9170.09	
248	310.989	346.213	340.18	344.19	253.01	390.886	343.634	341.24	341.015	327.322	336.053	330.768	485.727	9.61665	188.568	449.332	423.505	424.079	536.204	4788.16	4842.79	4789.47	4757.6	4780.86	409.748	4755.2	2401.14	7072.57	394.597	462.014	
249	317.742	350.357	346.606	375.592	309.698	237.301	324.898	322.22	318.072	342.209	330.718	332.734	452.415	40.2852	193.83	451.145	426.493	400.72	4785.02	4821.26	561.259	4778.3	4781.47	4782.41	4755.98	4764.5	2394.2	7029.23	394.072	456.872	
250	335.468	135.401	339.905	408.349	334.574	346.717	327.273	336.672	338.179	320.955	339.557	346.353	492.211	7.9196	174.944	430.666	426.212	383.621	467.399	481.46	4823.52	4799.98	529.692	486.654	4735.31	393.08	4712.45	4663.89	397.127	393.403	
251	311.163	359.822	297.657	329.97	336.375	366.457	338.857	343.337	326.134	365.676	345.345	337.552	501.107	34.0588	211.934	441.097	421.403	441.149	618.304	255.579	656.219	521.222	4823.14	522.39	4756.45	4737.47	701.652	2214.19	441.804	441.735	
252	290.559	322.436	305.866	319.918	348.044	291.004	328.391	333.999	321.48	345.213	338.885	338.549	453.579	33.3997	194.886	437.708	424.737	441.175	614.574	4838.64	468.119	4800.56	533.856	608.139	4747.89	4757.63	1443.71	4653.06	391.116	438.255	
253	233.801	249.601	250.601	248.201	345.929	276.252	358.748	337.207	346.984	330.205	325.299	341.258	490.494	44.363	199.588	432.687	426.213	421.666	473.247	545.999	487.922	4793.97	399.251	4807.24	4765.79	4755.01	517.344	4107.02	376.724	398.732	
254	374.562	348.305	332.319	339.9	355.331	343.236	344.653	329.498	315.223	367.746	343.809	340.122	446.241	0	197.535	425.633	437.851	442.127	480.351	4749.13	533.468	525.902	4754.64	4786.18	403.413	4737.78	390.167	605.371	396.404	440.845	
255	370.065	320.405	307.21	333.247	365.476	311.858	353.451	330.261	326.498	354.93	342.437	291.739	434.754	85.9176	203.956	440.077	435.488	442.437	606.504	617.445	4742.17	4805.4	4801.1	4813.4	4753.62	4758.62	386.032	503.239	394.659	392.936	


