0	2692	2695	2769	2803	2725	2811	64206	2323	2380	2066	2411	2410	43072	2539	0	757	2623	2504	22	2859	2721	2823	2699	2753	2113	2605	2527	2707	2656	2584	
1	2730	2733	2719	2759	2812	2803	61445	979	1681	2019	2073	1604	0	2511	263	738	2534	2487	0	2825	2767	2734	2762	2734	0	2514	2642	2527	2620	2643	
2	2758	2687	2695	2786	2730	2777	2490	2004	1812	1962	2044	2000	3327	2599	0	797	2561	2515	0	2762	2750	2746	2775	2715	0	2639	2512	2608	2586	2700	
3	2653	2723	2723	2850	2773	2742	2490	2417	2485	2492	2454	2451	64206	2655	0	725	2546	2496	9676	2804	2754	2649	2719	2834	0	2499	2521	2530	2705	2493	
4	2690	2654	2692	2852	2721	2662	2363	2393	2466	2502	2391	2465	61445	2527	0	714	2584	2429	38	2857	2692	2672	2804	2791	29	2595	2471	2590	2678	2552	
5	2740	2658	2706	2790	2803	2729	2384	2392	2483	2515	2468	2351	2552	2503	0	762	2536	2527	3327	2653	2734	2869	2782	2746	1	2665	2538	2594	2573	2628	
6	2596	2724	2761	2725	2805	2788	2427	2430	2455	2375	2481	2473	2552	141	731	2606	2562	2574	64206	2827	2793	2815	2746	2786	9676	2562	2510	2588	2628	2657	
7	2626	2658	2719	2840	2900	2878	2360	2474	2505	2541	2457	2398	2705	0	644	2537	2526	2639	61445	2777	2673	2733	2764	2803	38	2559	2526	2602	2609	2530	
8	2775	2678	2717	2788	2800	2730	2510	2414	2473	2528	2408	2343	2520	0	632	2555	2548	2583	2751	2809	2656	2687	2736	2734	3327	2527	2691	2483	2493	2604	
9	2694	2654	2679	2767	2795	2825	2385	2440	2473	2439	2379	2504	2628	0	687	2580	2501	2534	2751	2731	2695	2782	2879	2668	64206	2526	2435	2598	2632	2510	
10	2685	2599	2766	2819	2733	2825	2537	2482	2508	2540	2452	2457	2601	281	705	2615	2558	2636	2781	2742	2796	2760	2786	2628	61445	2555	2615	2512	2644	2625	
11	2706	2625	2790	2846	2712	2765	2403	2466	2500	2547	2434	2434	2537	113	714	2446	2445	2656	2897	2808	2844	2809	2742	2797	2583	2514	2484	2550	2625	2640	
12	2765	2709	2757	2854	2813	2879	2400	2399	2454	2522	2421	2478	2656	138	678	2548	2548	2604	2795	2834	2786	2681	2716	2755	2583	2556	2490	2729	2565	2694	
13	2681	2707	2752	2833	2799	2697	2456	2452	2559	2452	2422	2473	2602	0	636	2503	2538	2636	2820	2850	2724	2790	2659	2692	2469	2526	2569	2710	2603	2668	
14	2699	2689	2692	2787	2733	2761	2435	2433	2414	2542	2410	2406	2562	0	700	2466	2447	2544	2786	2700	2820	2799	2726	2623	2592	2516	2636	2720	2496	2706	
15	2617	2759	2818	2810	2741	2779	2420	2375	2512	2507	2450	2415	2555	114	672	2594	2500	2614	2725	2675	2793	2830	2810	2678	2640	2575	2567	2596	2601	2683	
16	2773	2639	2713	2818	2776	2807	2532	2314	2447	2537	2492	2418	2622	292	599	2538	2556	2752	2684	2884	2723	2794	2671	2710	2597	2563	2577	2636	2566	2568	
17	2752	2777	2750	2767	2791	2893	2426	2427	2457	2577	2369	2440	2534	174	746	2580	2537	2557	2786	2777	2815	2652	2764	2705	2560	2471	2632	2723	2581	2632	
18	2660	2687	2663	2840	2713	2823	2504	2391	2434	2458	2388	2461	2621	33	646	2514	2464	2582	2808	2857	2856	2655	2751	2830	2634	2496	2471	2562	2610	2542	
19	2696	2834	2704	2845	2815	2899	2531	2457	2547	2487	2447	2423	2672	24	743	2597	2522	2633	2846	2789	2783	2707	2685	2667	2560	2651	2546	2642	2572	2721	
20	2642	2706	2744	2706	2818	2809	2506	2392	2391	2507	2490	2475	2540	0	728	2569	2485	2573	2762	2877	2862	2732	2809	2710	2578	2578	2550	2564	2552	2696	
21	2728	2705	2687	2861	2805	2875	2472	2476	2438	2582	2488	2494	2610	200	726	2524	2479	2597	2835	2744	2754	2663	2757	2701	2646	2546	2587	2585	2570	2676	
22	2720	2770	2783	2784	2779	2736	2501	2386	2410	2554	2470	2459	2650	245	752	2570	2455	2604	2716	2812	2664	2758	2828	2615	2544	2488	2621	2627	2631	2721	
23	2655	2747	2740	2789	2834	2786	2466	2437	2465	2535	2310	2444	2622	199	717	2478	2479	2584	2740	2747	2723	2663	2748	2700	2517	2564	2609	2659	2558	2621	
24	2639	2726	2709	2819	2810	2739	2408	2403	2420	2500	2378	2457	2549	102	707	2558	2540	2562	2760	2737	2841	2700	2777	2757	2548	2601	2460	2713	2613	2648	
25	2634	2665	2751	2836	2866	2777	2508	2488	2538	2439	2452	2403	2646	0	629	2500	2502	2691	2828	2826	2638	2642	2769	2674	2559	2555	2506	2648	2551	2739	
26	2695	2726	2761	2780	2737	2697	2483	2373	2522	2556	2503	2377	2560	69	672	2500	2479	2595	2757	2773	2642	2669	2886	2734	2563	2580	2526	2660	2625	2681	
27	2679	2792	2736	2779	2758	2853	2449	2339	2489	2505	2425	2471	2672	0	653	2505	2453	2637	2790	2769	2766	2708	2767	2752	2535	2539	2580	2627	2624	2732	
28	2671	2574	2695	2865	2707	2661	2458	2347	2454	2547	2389	2409	2597	0	748	2622	2474	2575	2781	2764	2740	2733	2723	2739	2544	2480	2583	2594	2573	2667	
29	2662	2713	2737	2767	2827	2746	2498	2420	2505	2483	2384	2406	2602	0	764	2470	2556	2508	2768	2859	2739	2737	2764	2808	2493	2538	2591	2655	2574	2563	
30	2614	2790	2740	2790	2697	2752	2508	2385	2512	2559	2358	2454	2588	0	729	2562	2428	2610	2837	2818	2748	2727	2797	2754	2550	2579	2528	2587	2612	2643	
31	2681	2757	2642	2853	2777	2753	2440	2417	2489	2488	2492	2419	2603	0	733	2583	2492	2652	2837	2836	2873	2772	2783	2677	2576	2685	2621	2637	2586	2675	
32	2807	2718	2710	2804	2680	2836	2505	2375	2452	2479	2420	2444	2631	258	726	2552	2559	2580	2776	2779	2732	2808	2657	2740	2590	2561	2607	2584	2627	2646	
33	2714	2715	2676	2800	2805	2774	2503	2383	2437	2424	2368	2440	2644	0	752	2564	2545	2632	2780	2683	2712	2725	2862	2767	2601	2578	2525	2545	2639	2672	
34	2656	2631	2823	2811	2810	2833	2441	2449	2514	2547	2436	2458	2595	60	719	2591	2514	2507	2676	2757	2737	2748	2775	2594	2506	2542	2563	2676	2625	2720	
35	2766	2698	2774	2869	2819	2795	2478	2432	2531	2470	2404	2466	2631	0	676	2568	2532	2605	2677	2783	2768	2774	2855	2720	2497	2532	2543	2670	2627	2750	
36	2743	2807	2678	2749	2704	2743	2463	2433	2403	2537	2507	2381	2659	123	762	2533	2507	2628	2838	2756	2795	2826	2722	2610	2582	2502	2578	2613	2578	2588	
37	2643	2673	2693	2792	2793	2784	2516	2389	2520	2525	2358	2456	2566	0	699	2588	2528	2588	2762	2782	2793	2711	2773	2768	2627	2514	2586	2625	2708	2671	
38	2732	2718	2745	2720	2730	2825	2479	2469	2450	2526	2471	2462	2572	289	763	2444	2539	2499	2765	2755	2792	2758	2860	2763	2538	2592	2424	2639	2604	2656	
39	2724	2759	2725	2875	2852	2702	2418	2412	2461	2531	2464	2393	2665	0	640	2440	2616	2579	2850	2783	2721	2748	2788	2703	2580	2467	2618	2537	2685	2639	
40	2652	2740	2753	2829	2778	2788	2423	2345	2466	2491	2369	2504	2467	23	828	2500	2475	2689	2795	2786	2722	2702	2771	2723	2577	2634	2534	2574	2542	2593	
41	2683	2614	2679	2876	2633	2653	2456	2303	2441	2550	2486	2462	2614	111	740	2586	2440	2604	2678	2802	2843	2677	2668	2725	2585	2529	2582	2613	2571	2738	
42	2657	2749	2679	2810	2733	2750	2432	2461	2493	2463	2374	2445	2593	267	786	2544	2485	2626	2959	2692	2780	2707	2703	2736	2611	2515	2511	2731	2542	2711	
43	2669	2732	2653	2841	2794	2659	2327	2386	2420	2422	2427	2420	2662	160	764	2471	2487	2607	2772	2713	2722	2749	2782	2725	2538	2572	2567	2630	2671	2662	
44	2682	2698	2723	2806	2678	2786	2495	2476	2456	2419	2388	2471	2582	117	657	2515	2564	2555	2895	2757	2779	2647	2663	2682	2537	2671	2522	2558	2658	2614	
45	2744	2656	2792	2826	2895	2846	2449	2491	2400	2462	2485	2400	2634	418	718	2475	2542	2556	2827	2783	2789	2822	2775	2693	2590	2526	2614	2616	2588	2666	
46	2680	2716	2756	2863	2768	2753	2427	2332	2493	2471	2412	2394	2600	305	706	2560	2462	2560	2828	2718	2770	2762	2710	2676	2466	2572	2510	2558	2570	2647	
47	2658	2662	2718	2813	2689	2765	2465	2410	2471	2576	2429	2417	2632	272	740	2562	2554	2551	2798	2830	2835	2705	2835	2729	2522	2575	2605	2646	2604	2678	
48	2632	2679	2710	2793	2895	2738	2491	2383	2472	2591	2463	2350	2637	231	714	2476	2445	2593	2756	2789	2751	2687	2795	2613	2592	2562	2520	2699	2597	2628	
49	2629	2705	2777	2795	2851	2877	2510	2365	2419	2384	2377	2472	2583	150	690	2571	2507	2551	2685	2737	2801	2708	2785	2625	2442	2617	2594	2680	2652	2665	
50	2611	2842	2705	2813	2778	2713	2433	2389	2341	2547	2493	2380	2671	119	629	2527	2524	2559	2770	2777	2773	2771	2882	2626	2636	2519	2655	2619	2670	2645	
51	2726	2722	2791	2732	2766	2834	2400	2335	2382	2477	2494	2481	2571	168	790	2613	2546	2539	2780	2732	2744	2691	2793	2637	2539	2557	2590	2627	2617	2733	
52	2766	2808	2785	2783	2837	2733	2475	2356	2431	2533	2516	2513	2535	211	716	2397	2540	2548	2846	2760	2738	2775	2741	2794	2579	2674	2659	2654	2554	2794	
53	2698	2780	2724	2831	2823	2807	2385	2427	2482	2431	2397	2399	2573	231	680	2576	2533	2647	2780	2726	2737	2661	2778	2734	2537	2476	2582	2671	2594	2706	
54	2725	2646	2732	2946	2742	2824	2542	2430	2448	2492	2532	2452	2625	0	576	2529	2578	2533	2789	2668	2798	2731	2858	2694	2517	2666	2591	2594	2657	2690	
55	2719	2665	2685	2706	2809	2747	2456	2342	2455	2540	2465	2459	2656	284	713	2597	2512	2560	2828	2750	2738	2744	2782	2737	2414	2636	2585	2549	2448	2685	
56	2656	2688	2694	2780	2818	2808	2489	2379	2475	2505	2403	2454	2634	0	605	2570	2482	2618	2825	2817	2713	2715	2809	2726	2557	2490	2667	2736	2613	2512	
57	2721	2679	2692	2761	2815	2742	2441	2389	2496	2476	2455	2465	2599	256	611	2607	2504	2620	2687	2704	2758	2785	2708	2648	2527	2557	2610	2555	2613	2666	
58	2672	2769	2771	2845	2787	2867	2413	2458	2355	2519	2395	2490	2590	502	752	2493	2587	2467	2697	2726	2751	2698	2799	2728	2568	2528	2554	2630	2603	2673	
59	2679	2685	2735	2818	2704	2716	2462	2385	2489	2495	2407	2369	2681	0	768	2582	2468	2571	2777	2770	2825	2619	2787	2773	2510	2626	2446	2704	2562	2681	
60	2728	2679	2648	2737	2760	2758	2348	2418	2447	2475	2446	2488	2645	162	764	2492	2494	2615	2770	2854	2720	2830	2785	2744	2612	2655	2597	2662	2616	2581	
61	2683	2783	2715	2734	2777	2818	2341	2514	2429	2493	2448	2464	2603	0	745	2553	2491	2601	2747	2726	2802	2808	2717	2660	2582	2552	2520	2682	2578	2652	
62	2760	2756	2700	2784	2839	2772	2461	2425	2434	2465	2434	2409	2645	113	680	2575	2562	2546	2661	2743	2747	2758	2728	2745	2588	2612	2604	2643	2636	2698	
63	2607	2787	2941	2759	2787	2759	2396	2422	2437	2519	2478	2443	2602	203	762	2465	2445	2443	2794	2828	2764	2778	2736	2716	2521	2604	2579	2605	2582	2576	
64	2705	2717	2720	2725	2725	2796	2500	2331	2487	2424	2435	2415	2567	300	763	2544	2502	2629	2800	2811	2727	2761	2724	2654	2510	2579	2575	2586	2550	2693	
65	2662	2630	2732	2794	2818	2850	2468	2415	2369	2528	2384	2420	2624	0	755	2546	2538	2617	2775	2693	2823	2702	2703	2650	2699	2570	2497	2622	2588	2684	
66	2763	2697	2661	2778	2804	2821	2372	2404	2520	2519	2373	2367	2608	41	672	2469	2566	2569	2793	2763	2796	2710	2761	2708	2547	2635	2507	2682	2697	2615	
67	2663	2719	2746	2752	2704	2799	2481	2390	2390	2511	2377	2433	2700	320	713	2494	2503	2614	2768	2777	2786	2797	2759	2603	2567	2577	2586	2733	2604	2602	
68	2646	2706	2745	2841	2806	2737	2419	2426	2530	2432	2409	2342	2577	129	710	2547	2497	2608	2753	2755	2757	2862	2768	2674	2597	2514	2531	2562	2656	2622	
69	2693	2635	2667	2895	2818	2703	2467	2355	2497	2451	2515	2561	2517	0	766	2563	2506	2565	2796	2786	2759	2701	2861	2655	2510	2509	2605	2697	2698	2612	
70	2715	2583	2683	2902	2782	2779	2434	2439	2435	2462	2439	2463	2641	74	692	2565	2572	2559	2804	2780	2841	2750	2796	2694	2603	2571	2517	2593	2651	2555	
71	2760	2753	2745	2885	2813	2717	2481	2389	2480	2457	2480	2412	2606	0	699	2531	2544	2631	2767	2750	2782	2751	2785	2612	2549	2552	2572	2504	2639	2671	
72	2703	2723	2773	2823	2815	2753	2538	2419	2441	2513	2434	2378	2572	0	664	2620	2519	2600	2761	2784	2745	2710	2826	2697	2576	2555	2524	2647	2638	2631	
73	2644	2741	2813	2750	2840	2693	2439	2350	2442	2414	2512	2512	2556	233	648	2570	2540	2580	2814	2755	2810	2789	2666	2727	2596	2537	2457	2596	2488	2773	
74	2634	2684	2808	2797	2705	2774	2480	2442	2433	2576	2398	2408	2611	0	772	2557	2489	2524	2823	2796	2720	2708	2676	2660	2533	2571	2515	2690	2640	2642	
75	2588	2734	2683	2788	2753	2717	2439	2407	2482	2538	2496	2437	2572	195	722	2481	2490	2586	2759	2672	2679	2689	2730	2671	2560	2552	2450	2577	2571	2693	
76	2732	2702	2637	2776	2777	2844	2483	2402	2413	2556	2453	2363	2593	161	781	2560	2495	2566	2710	2683	2724	2727	2606	2660	2588	2586	2527	2533	2594	2592	
77	2596	2664	2714	2867	2800	2851	2506	2472	2515	2443	2535	2458	2599	88	733	2591	2514	2624	2725	2792	2766	2795	2782	2814	2507	2654	2625	2584	2582	2653	
78	2749	2667	2759	2785	2802	2806	2438	2481	2431	2512	2491	2521	2644	3	673	2465	2465	2656	2766	2768	2730	2680	2666	2662	2554	2697	2584	2704	2562	2673	
79	2631	2655	2728	2741	2814	2814	2415	2473	2443	2521	2438	2419	2634	0	702	2567	2538	2590	2749	2675	2881	2709	2735	2653	2656	2507	2588	2553	2525	2775	
80	2585	2687	2666	2819	2876	2717	2424	2381	2453	2545	2495	2389	2568	0	645	2600	2502	2528	2895	2770	2706	2763	2801	2534	2514	2520	2582	2642	2632	2696	
81	2619	2720	2758	2852	2797	2843	2467	2417	2465	2456	2427	2410	2573	269	711	2485	2530	2581	2855	2780	2873	2769	2787	2693	2536	2541	2522	2578	2620	2738	
82	2635	2687	2664	2849	2887	2724	2435	2465	2442	2491	2401	2364	2693	0	769	2528	2559	2495	2806	2809	2798	2666	2780	2665	2555	2485	2643	2539	2706	2598	
83	2738	2727	2694	2859	2829	2672	2493	2438	2383	2458	2456	2389	2615	0	691	2589	2512	2645	2766	2709	2727	2760	2844	2778	2453	2629	2588	2551	2599	2701	
84	2688	2692	2666	2876	2707	2795	2494	2392	2414	2479	2470	2382	2640	251	689	2499	2416	2555	2785	2711	2790	2753	2780	2732	2639	2532	2495	2632	2571	2661	
85	2786	2767	2580	2859	2728	2785	2481	2378	2383	2406	2502	2404	2665	305	738	2587	2495	2500	2719	2745	2757	2640	2778	2598	2526	2557	2619	2554	2606	2667	
86	2710	2703	2725	2872	2760	2773	2393	2361	2498	2537	2507	2442	2547	0	705	2582	2530	2603	2800	2757	2820	2661	2723	2620	2538	2572	2468	2648	2518	2581	
87	2676	2636	2741	2735	2835	2747	2507	2452	2424	2543	2473	2464	2618	124	781	2454	2482	2480	2785	2780	2853	2789	2762	2750	2540	2580	2600	2633	2631	2555	
88	2672	2830	2747	2776	2702	2802	2448	2471	2476	2457	2422	2471	2606	0	753	2487	2462	2614	2778	2743	2668	2671	2737	2769	2460	2526	2614	2690	2557	2660	
89	2716	2735	2748	2754	2761	2792	2547	2445	2367	2525	2427	2471	2604	0	724	2584	2432	2569	2778	2796	2733	2830	2771	2724	2559	2540	2505	2651	2574	2634	
90	2714	2737	2761	2957	2726	2671	2372	2432	2427	2415	2472	2367	2582	0	762	2533	2491	2583	2776	2716	2852	2730	2713	2758	2520	2644	2524	2533	2516	2701	
91	2653	2704	2769	2752	2733	2851	2378	2377	2495	2557	2495	2502	2633	0	699	2549	2498	2587	2847	2697	2759	2685	2725	2778	2540	2510	2648	2534	2500	2702	
92	2740	2770	2829	2899	2838	2793	2507	2427	2477	2525	2451	2387	2651	182	690	2555	2541	2601	2846	2635	2674	2744	2761	2807	2596	2587	2532	2646	2655	2750	
93	2792	2773	2714	2768	2739	2809	2435	2475	2441	2512	2372	2477	2636	0	733	2519	2532	2496	2704	2912	2756	2769	2711	2728	2525	2585	2566	2587	2573	2635	
94	2731	2709	2771	2795	2756	2773	2431	2431	2474	2453	2458	2386	2671	350	713	2628	2455	2489	2944	2749	2827	2810	2818	2666	2488	2590	2470	2614	2649	2653	
95	2760	2682	2743	2768	2822	2773	2490	2405	2509	2550	2453	2451	2714	140	710	2566	2420	2592	2845	2735	2902	2752	2761	2697	2512	2558	2481	2592	2589	2595	
96	2671	2770	2725	2794	2781	2753	2498	2474	2582	2477	2448	2473	2591	119	729	2626	2583	2674	2808	2775	2808	2709	2850	2645	2560	2556	2563	2596	2560	2575	
97	2679	2805	2807	2799	2817	2704	2471	2437	2428	2502	2391	2444	2605	153	696	2556	2520	2495	2773	2684	2703	2715	2671	2717	2578	2599	2566	2559	2658	2640	
98	2824	2642	2683	2753	2884	2847	2458	2299	2440	2534	2389	2471	2633	181	693	2518	2517	2654	2743	2769	2776	2751	2742	2803	2620	2528	2600	2666	2554	2619	
99	2646	2668	2745	2792	2759	2835	2442	2400	2513	2476	2451	2430	2713	30	707	2540	2531	2477	2860	2778	2818	2824	2714	2783	2520	2621	2549	2551	2540	2702	
100	2743	2675	2770	2849	2745	2761	2406	2431	2474	2594	2478	2457	2589	0	694	2528	2590	2568	2827	2737	2809	2760	2650	2554	2524	2501	2666	2659	2520	2690	
101	2628	2643	2692	2893	2753	2668	2468	2428	2463	2365	2505	2415	2607	265	733	2514	2606	2656	2751	2795	2775	2779	2793	2744	2613	2620	2594	2527	2651	2752	
102	2607	2644	2686	2933	2689	2810	2516	2304	2486	2496	2357	2536	2641	328	727	2576	2500	2571	2869	2847	2770	2741	2677	2648	2490	2568	2488	2604	2582	2591	
103	2630	2718	2696	2787	2897	2718	2408	2404	2487	2523	2446	2479	2641	314	780	2618	2426	2587	2753	2808	2795	2739	2725	2692	2613	2568	2593	2555	2619	2669	
104	2750	2707	2802	2773	2796	2761	2520	2473	2471	2516	2519	2410	2612	130	722	2589	2550	2753	2824	2788	2749	2698	2748	2717	2547	2549	2606	2536	2596	2608	
105	2660	2729	2706	2813	2873	2812	2474	2390	2462	2468	2462	2440	2591	0	693	2562	2575	2566	2769	2738	2686	2864	2768	2664	2520	2579	2609	2710	2575	2703	
106	2647	2713	2734	2875	2755	2859	2502	2455	2500	2439	2389	2381	2541	239	689	2600	2461	2626	2782	2675	2731	2677	2661	2706	2583	2620	2503	2577	2559	2684	
107	2761	2628	2672	2752	2659	2856	2297	2430	2466	2572	2468	2408	2559	173	675	2537	2467	2533	2725	2779	2688	2754	2747	2727	2497	2559	2571	2641	2554	2719	
108	2700	2733	2761	2760	2796	2744	2512	2396	2450	2473	2433	2413	2677	141	684	2556	2576	2635	2794	2793	2872	2712	2802	2651	2525	2506	2513	2606	2584	2698	
109	2688	2689	2836	2860	2825	2845	2451	2422	2496	2419	2503	2462	2629	242	684	2511	2489	2577	2768	2811	2745	2797	2668	2724	2606	2631	2618	2664	2513	2593	
110	2592	2799	2661	2761	2631	2666	2405	2384	2435	2465	2409	2441	2655	0	813	2573	2489	2618	2714	2690	2812	2712	2814	2773	2514	2497	2525	2587	2617	2706	
111	2718	2754	2651	2812	2796	2741	2432	2397	2411	2542	2468	2320	2611	50	732	2502	2580	2587	2813	2794	2738	2734	2748	2665	2557	2549	2619	2561	2595	2731	
112	2711	2754	2633	2824	2825	2743	2471	2469	2457	2466	2467	2447	2548	77	705	2577	2533	2576	2851	2804	2792	2695	2796	2649	2628	2575	2634	2623	2544	2670	
113	2756	2684	2621	2748	2764	2812	2466	2343	2544	2510	2428	2493	2608	151	680	2579	2538	2579	2642	2844	2677	2704	2727	2687	2476	2599	2610	2581	2689	2573	
114	2590	2727	2815	2852	2679	2754	2454	2328	2356	2399	2414	2491	2701	228	715	2576	2551	2609	2758	2748	2809	2860	2746	2666	2465	2588	2566	2672	2553	2696	
115	2598	2709	2751	2839	2726	2745	2492	2455	2412	2440	2467	2385	2659	284	731	2576	2447	2564	2857	2869	2873	2695	2812	2763	2580	2592	2601	2631	2597	2671	
116	2668	2816	2619	2726	2721	2783	2503	2378	2394	2464	2425	2465	2638	0	837	2558	2556	2568	2717	2795	2707	2738	2728	2736	2537	2468	2508	2602	2621	2706	
117	2699	2731	2728	2853	2793	2811	2425	2546	2477	2464	2476	2427	2652	0	724	2466	2424	2550	2860	2743	2843	2655	2711	2587	2537	2494	2533	2541	2444	2765	
118	2703	2570	2769	2747	2857	2692	2442	2412	2476	2535	2409	2543	2657	0	721	2620	2494	2631	2778	2723	2829	2662	2706	2617	2654	2521	2608	2695	2572	2649	
119	2631	2802	2716	2752	2767	2775	2528	2474	2455	2467	2457	2455	2600	325	690	2515	2584	2637	2856	2783	2794	2656	2716	2662	2458	2563	2548	2693	2631	2624	
120	2584	2715	2710	2915	2792	2678	2438	2364	2460	2391	2440	2422	2554	0	671	2526	2478	2562	2836	2782	2767	2750	2667	2682	2559	2542	2553	2644	2659	2713	
121	2670	2788	2797	2809	2809	2784	2465	2366	2407	2451	2456	2432	2580	0	682	2491	2548	2594	2819	2775	2792	2798	2876	2675	2428	2631	2599	2564	2628	2644	
122	2634	2650	2667	2768	2846	2675	2501	2425	2317	2504	2448	2438	2547	0	710	2438	2618	2591	2814	2725	2740	2671	2800	2763	2567	2622	2514	2618	2508	2659	
123	2734	2826	2690	2790	2850	2727	2444	2382	2427	2535	2360	2377	2541	240	728	2542	2532	2577	2831	2728	2701	2732	2692	2664	2502	2596	2525	2565	2550	2664	
124	2687	2749	2769	2934	2824	2657	2360	2410	2431	2550	2497	2364	2650	352	728	2500	2497	2598	2749	2588	2806	2788	2765	2602	2555	2505	2650	2619	2593	2596	
125	2638	2708	2772	2782	2768	2684	2415	2388	2490	2456	2471	2379	2629	400	722	2611	2565	2568	2664	2700	2884	2682	2798	2664	2557	2574	2458	2679	2593	2620	
126	2702	2808	2789	2722	2756	2744	2351	2387	2417	2429	2501	2376	2671	347	639	2507	2442	2742	2714	2875	2725	2670	2809	2725	2605	2614	2542	2705	2603	2669	
127	2674	2726	2660	2809	2767	2774	2395	2455	2520	2457	2426	2417	2548	0	669	2584	2572	2599	2834	2707	2814	2769	2743	2681	2464	2500	2518	2600	2658	2670	
128	2662	2681	2748	2784	2761	2827	2456	2380	2488	2481	2475	2405	2589	213	665	2508	2447	2588	2767	2782	2800	2747	2689	2740	2547	2577	2482	2591	2620	2737	
129	2656	2779	2786	2754	2771	2762	2410	2384	2510	2558	2459	2406	2635	313	756	2499	2502	2574	2761	2810	2754	2758	2814	2695	2628	2523	2579	2592	2610	2617	
130	2744	2677	2712	2751	2774	2797	2516	2375	2475	2554	2473	2527	2619	0	750	2546	2535	2611	2765	2786	2738	2776	2712	2617	2637	2545	2591	2627	2658	2630	
131	2705	2706	2716	2796	2779	2785	2460	2436	2446	2459	2501	2455	2630	0	720	2566	2623	2552	2804	2754	2749	2711	2698	2709	2543	2606	2654	2609	2683	2641	
132	2722	2746	2796	2858	2724	2873	2470	2450	2363	2452	2409	2515	2517	0	793	2508	2518	2539	2727	2773	2767	2762	2621	2603	2470	2569	2582	2556	2608	2639	
133	2718	2683	2667	2823	2810	2803	2429	2450	2442	2414	2425	2528	2623	35	744	2535	2518	2525	2793	2701	2856	2799	2759	2716	2545	2544	2486	2606	2638	2699	
134	2646	2716	2722	2828	2690	2802	2532	2444	2417	2559	2456	2391	2646	318	709	2563	2516	2579	2793	2763	2717	2727	2746	2611	2514	2600	2551	2641	2628	2617	
135	2735	2728	2695	2873	2715	2706	2498	2354	2402	2465	2448	2439	2524	271	762	2570	2545	2619	2736	2813	2873	2701	2825	2718	2546	2592	2553	2544	2563	2697	
136	2750	2748	2637	2839	2888	2681	2468	2400	2399	2560	2448	2369	2597	276	693	2521	2535	2611	2811	2732	2778	2693	2689	2643	2529	2496	2607	2679	2574	2584	
137	2714	2618	2787	2813	2709	2820	2363	2438	2417	2465	2380	2470	2566	0	625	2608	2533	2535	2842	2798	2828	2688	2778	2725	2616	2674	2634	2728	2665	2560	
138	2650	2642	2772	2784	2765	2797	2385	2513	2467	2480	2453	2403	2627	0	792	2527	2511	2562	2759	2729	2819	2846	2629	2762	2572	2622	2579	2574	2655	2614	
139	2807	2772	2835	2803	2806	2824	2423	2423	2431	2539	2429	2463	2641	0	679	2570	2513	2537	2911	2684	2730	2701	2805	2598	2583	2584	2509	2704	2597	2565	
140	2642	2626	2759	2790	2812	2711	2506	2350	2435	2528	2406	2452	2584	156	700	2622	2571	2626	2803	2697	2788	2646	2747	2700	2569	2589	2511	2701	2491	2712	
141	2686	2751	2769	2859	2855	2691	2507	2432	2431	2484	2402	2471	2604	356	710	2530	2540	2544	2765	2738	2806	2773	2673	2672	2649	2537	2554	2523	2626	2628	
142	2670	2718	2788	2730	2826	2821	2436	2386	2381	2442	2490	2522	2657	261	682	2547	2516	2516	2732	2746	2775	2786	2768	2671	2598	2537	2495	2578	2597	2662	
143	2687	2746	2678	2721	2792	2838	2434	2375	2477	2453	2455	2339	2630	0	696	2548	2546	2551	2775	2744	2888	2717	2701	2674	2601	2552	2483	2638	2544	2714	
144	2627	2717	2780	2706	2818	2776	2450	2355	2502	2467	2431	2514	2619	0	751	2578	2532	2691	2719	2716	2726	2605	2829	2699	2526	2636	2604	2579	2469	2634	
145	2683	2748	2762	2815	2787	2771	2406	2455	2453	2510	2469	2427	2641	132	701	2578	2595	2539	2879	2797	2702	2753	2743	2671	2569	2596	2525	2572	2595	2631	
146	2695	2592	2742	2793	2812	2767	2499	2446	2477	2535	2388	2424	2586	0	745	2483	2565	2592	2773	2759	2732	2678	2637	2629	2533	2572	2522	2647	2547	2580	
147	2586	2715	2682	2825	2761	2891	2500	2385	2484	2567	2434	2400	2551	301	711	2580	2573	2543	2843	2817	2785	2765	2709	2660	2531	2526	2582	2576	2599	2660	
148	2648	2739	2722	2867	2750	2792	2434	2477	2402	2489	2462	2405	2578	0	618	2529	2499	2690	2782	2809	2827	2616	2861	2703	2609	2686	2630	2602	2672	2612	
149	2641	2736	2534	2913	2707	2747	2447	2417	2532	2449	2435	2485	2684	189	686	2542	2464	2561	2851	2687	2891	2751	2756	2748	2606	2544	2634	2621	2619	2661	
150	2580	2737	2713	2736	2768	2787	2454	2426	2414	2480	2465	2478	2621	233	699	2505	2413	2655	2743	2709	2796	2755	2822	2671	2564	2557	2512	2600	2659	2679	
151	2571	2756	2705	2754	2803	2692	2392	2471	2486	2500	2422	2376	2646	0	620	2568	2490	2537	2814	2695	2840	2651	2746	2692	2554	2517	2571	2567	2610	2586	
152	2702	2697	2715	2805	2832	2836	2352	2386	2491	2484	2410	2497	2603	122	747	2611	2503	2619	2754	2708	2757	2735	2701	2701	2584	2578	2547	2571	2635	2593	
153	2724	2691	2675	2811	2808	2762	2581	2462	2389	2428	2415	2394	2556	0	745	2581	2489	2606	2763	2795	2750	2690	2736	2769	2653	2606	2554	2528	2653	2685	
154	2685	2759	2818	2919	2809	2690	2456	2335	2428	2439	2414	2454	2552	0	771	2518	2428	2626	2737	2802	2755	2721	2767	2701	2578	2565	2607	2566	2621	2736	
155	2702	2715	2761	2865	2731	2715	2478	2407	2474	2445	2470	2383	2648	99	690	2458	2556	2645	2724	2737	2831	2757	2804	2631	2537	2613	2608	2637	2444	2644	
156	2706	2713	2809	2763	2775	2711	2435	2455	2514	2500	2504	2456	2650	0	701	2501	2397	2585	2756	2846	2817	2714	2833	2689	2502	2530	2538	2622	2640	2637	
157	2645	2581	2771	2801	2827	2749	2335	2400	2492	2444	2469	2522	2631	0	657	2511	2528	2606	2833	2773	2715	2726	2689	2647	2548	2546	2570	2729	2427	2643	
158	2782	2726	2787	2806	2769	2741	2463	2335	2493	2451	2434	2385	2606	299	737	2488	2535	2640	2853	2777	2681	2595	2829	2613	2515	2615	2508	2602	2585	2656	
159	2716	2652	2705	2825	2710	2787	2368	2411	2493	2460	2449	2397	2539	205	635	2454	2484	2568	2813	2662	2800	2823	2731	2697	2592	2517	2509	2537	2535	2703	
160	2750	2746	2803	2787	2904	2743	2384	2344	2389	2496	2443	2512	2679	0	697	2599	2584	2553	2684	2767	2821	2710	2757	2670	2518	2627	2569	2639	2551	2717	
161	2698	2703	2739	2830	2732	2721	2498	2442	2344	2424	2421	2424	2532	0	643	2566	2463	2511	2865	2750	2845	2707	2783	2777	2606	2623	2477	2570	2612	2530	
162	2641	2725	2640	2805	2764	2796	2491	2365	2527	2395	2451	2444	2648	135	729	2541	2534	2665	2793	2814	2742	2655	2800	2691	2692	2568	2557	2619	2600	2602	
163	2726	2788	2679	2771	2735	2841	2519	2377	2455	2458	2450	2438	2633	0	757	2571	2405	2645	2831	2814	2764	2739	2684	2649	2552	2610	2518	2559	2610	2638	
164	2735	2688	2738	2878	2710	2784	2512	2405	2449	2439	2452	2407	2715	0	739	2539	2586	2537	2839	2812	2788	2757	2726	2720	2663	2538	2544	2702	2570	2711	
165	2732	2734	2724	2757	2684	2726	2466	2477	2434	2501	2443	2389	2547	233	706	2535	2519	2662	2774	2745	2834	2671	2859	2710	2582	2584	2568	2589	2591	2619	
166	2700	2596	2618	2846	2763	2781	2417	2431	2352	2460	2371	2499	2579	0	756	2488	2454	2596	2839	2841	2795	2752	2696	2681	2524	2511	2588	2685	2612	2706	
167	2703	2701	2830	2852	2736	2782	2562	2396	2429	2512	2368	2485	2632	247	676	2527	2437	2648	2824	2898	2632	2856	2732	2771	2542	2600	2472	2600	2602	2693	
168	2678	2721	2732	2850	2747	2782	2468	2379	2449	2522	2350	2464	2610	376	711	2614	2470	2641	2881	2686	2811	2785	2755	2667	2528	2537	2617	2663	2577	2703	
169	2655	2673	2738	2764	2718	2670	2442	2346	2440	2501	2396	2430	2634	69	694	2549	2520	2549	2820	2811	2836	2691	2804	2671	2460	2535	2497	2533	2561	2549	
170	2626	2746	2680	2761	2745	2779	2488	2337	2379	2541	2427	2453	2571	221	790	2560	2505	2638	2768	2698	2791	2702	2677	2710	2607	2594	2562	2619	2475	2711	
171	2742	2764	2747	2743	2795	2830	2513	2407	2454	2472	2413	2499	2655	13	648	2571	2554	2601	2851	2737	2807	2705	2745	2717	2536	2567	2470	2616	2663	2659	
172	2633	2663	2714	2825	2809	2774	2401	2342	2403	2509	2458	2502	2600	319	694	2499	2551	2577	2861	2802	2757	2761	2857	2619	2591	2502	2560	2605	2609	2566	
173	2790	2649	2787	2813	2731	2755	2392	2394	2471	2493	2350	2479	2652	0	715	2557	2583	2566	2796	2799	2762	2684	2762	2573	2566	2535	2579	2595	2622	2673	
174	2778	2677	2659	2827	2840	2841	2429	2419	2460	2493	2479	2531	2588	0	680	2450	2575	2570	2890	2816	2706	2754	2719	2641	2513	2556	2666	2584	2639	2651	
175	2751	2756	2710	2782	2795	2847	2470	2277	2484	2464	2458	2494	2621	192	706	2509	2615	2602	2772	2823	2799	2789	2836	2699	2621	2545	2560	2542	2514	2662	
176	2705	2702	2790	2804	2801	2818	2390	2345	2421	2496	2449	2389	2636	0	708	2573	2548	2512	2725	2686	2869	2690	2764	2653	2590	2468	2572	2616	2648	2725	
177	2704	2679	2798	2818	2772	2794	2453	2504	2506	2383	2507	2396	2679	0	679	2587	2493	2604	2759	2738	2844	2645	2698	2656	2509	2593	2670	2596	2525	2640	
178	2645	2760	2718	2781	2780	2728	2520	2408	2462	2518	2429	2461	2595	0	758	2432	2491	2551	2806	2796	2810	2732	2808	2715	2448	2607	2517	2572	2622	2630	
179	2663	2740	2762	2644	2718	2851	2402	2416	2393	2578	2415	2379	2533	0	701	2546	2554	2647	2842	2624	2770	2791	2724	2781	2468	2593	2562	2630	2564	2647	
180	2625	2687	2722	2774	2724	2717	2406	2485	2434	2549	2420	2343	2672	175	690	2507	2535	2560	2745	2903	2791	2687	2682	2706	2586	2601	2581	2612	2607	2698	
181	2686	2729	2734	2756	2815	2827	2493	2474	2439	2511	2481	2478	2666	181	714	2567	2589	2531	2837	2789	2762	2807	2830	2742	2605	2503	2505	2546	2557	2728	
182	2730	2737	2659	2795	2832	2814	2452	2365	2483	2502	2482	2396	2611	364	713	2526	2460	2605	2832	2740	2660	2619	2736	2682	2494	2531	2566	2684	2567	2658	
183	2657	2739	2675	2888	2816	2681	2494	2462	2475	2490	2461	2449	2485	0	704	2468	2545	2581	2837	2711	2845	2717	2683	2577	2520	2463	2662	2608	2603	2618	
184	2623	2676	2793	2857	2816	2735	2438	2426	2498	2464	2508	2451	2625	154	806	2512	2580	2574	2809	2732	2744	2715	2728	2712	2536	2546	2520	2571	2591	2729	
185	2691	2674	2822	2861	2810	2816	2464	2444	2406	2521	2408	2451	2658	428	677	2532	2612	2644	2723	2781	2737	2693	2657	2737	2523	2611	2559	2638	2650	2682	
186	2618	2708	2759	2783	2742	2760	2470	2423	2507	2418	2452	2519	2635	286	671	2549	2547	2605	2622	2757	2806	2680	2743	2631	2616	2474	2544	2559	2600	2621	
187	2617	2761	2717	2749	2755	2777	2527	2483	2459	2489	2502	2315	2688	292	647	2636	2585	2620	2804	2657	2738	2611	2766	2724	2607	2549	2585	2607	2535	2578	
188	2631	2745	2750	2717	2787	2820	2538	2363	2454	2457	2485	2478	2595	324	739	2556	2586	2623	2708	2725	2800	2696	2844	2685	2552	2613	2618	2504	2578	2698	
189	2635	2676	2820	2823	2812	2710	2444	2346	2492	2530	2450	2474	2558	289	705	2443	2525	2618	2859	2716	2827	2701	2746	2734	2592	2640	2605	2534	2656	2733	
190	2615	2721	2790	2820	2738	2747	2489	2352	2421	2446	2507	2406	2684	37	794	2487	2543	2616	2787	2736	2799	2736	2724	2628	2494	2563	2550	2733	2546	2771	
191	2745	2731	2718	2893	2801	2802	2529	2424	2507	2517	2472	2432	2610	36	620	2454	2582	2624	2865	2815	2814	2798	2799	2678	2567	2559	2616	2541	2697	2696	
192	2691	2799	2711	2771	2821	2830	2443	2421	2416	2516	2454	2458	2668	0	745	2482	2504	2730	2783	2750	2779	2763	2766	2590	2521	2638	2579	2653	2649	2604	
193	2633	2757	2745	2821	2836	2790	2377	2400	2398	2422	2379	2485	2677	0	658	2550	2540	2493	2811	2821	2790	2657	2819	2736	2499	2547	2480	2541	2570	2637	
194	2682	2706	2765	2930	2803	2791	2503	2501	2432	2477	2460	2470	2630	0	697	2443	2530	2655	2773	2706	2743	2780	2775	2704	2625	2612	2597	2601	2637	2689	
195	2676	2743	2700	2731	2750	2796	2509	2438	2392	2464	2437	2462	2648	210	694	2616	2516	2569	2841	2694	2787	2741	2606	2692	2622	2570	2569	2600	2601	2633	
196	2684	2686	2866	2758	2790	2826	2477	2357	2379	2472	2415	2456	2608	335	696	2575	2541	2614	2745	2837	2774	2816	2778	2643	2609	2598	2616	2668	2553	2631	
197	2625	2762	2657	2850	2696	2741	2424	2402	2488	2421	2365	2432	2662	184	772	2543	2568	2582	2745	2716	2814	2689	2693	2673	2584	2575	2597	2595	2607	2591	
198	2732	2693	2796	2850	2788	2747	2500	2304	2538	2552	2437	2380	2551	0	738	2541	2455	2631	2818	2799	2771	2807	2760	2597	2564	2619	2524	2580	2528	2690	
199	2591	2744	2689	2816	2793	2772	2457	2450	2551	2535	2466	2409	2619	257	710	2553	2543	2597	2712	2790	2751	2641	2803	2714	2544	2580	2619	2669	2580	2655	
200	2702	2718	2781	2787	2816	2832	2466	2404	2490	2461	2352	2367	2611	0	716	2528	2569	2533	2698	2867	2858	2765	2760	2617	2602	2506	2544	2600	2604	2631	
201	2723	2789	2853	2749	2783	2753	2536	2416	2502	2523	2476	2444	2663	319	694	2545	2543	2670	2759	2787	2697	2722	2843	2771	2596	2558	2493	2683	2646	2684	
202	2734	2686	2642	2850	2782	2787	2480	2445	2361	2495	2310	2360	2508	236	706	2609	2471	2664	2759	2676	2750	2732	2701	2646	2515	2549	2623	2604	2726	2649	
203	2709	2732	2808	2808	2806	2815	2369	2362	2467	2571	2445	2454	2562	133	791	2513	2482	2597	2891	2787	2719	2734	2817	2725	2562	2599	2499	2549	2552	2669	
204	2583	2669	2709	2850	2788	2721	2428	2425	2422	2489	2441	2434	2677	0	630	2612	2500	2561	2737	2720	2734	2722	2819	2740	2587	2565	2524	2718	2594	2687	
205	2585	2734	2657	2775	2809	2782	2477	2378	2399	2477	2534	2441	2637	300	699	2459	2567	2605	2785	2718	2856	2763	2802	2561	2540	2600	2595	2645	2639	2605	
206	2669	2634	2673	2749	2809	2705	2489	2399	2386	2473	2489	2397	2616	187	638	2613	2621	2576	2764	2741	2771	2703	2741	2643	2560	2565	2568	2579	2574	2635	
207	2649	2618	2695	2882	2868	2780	2511	2416	2514	2408	2480	2474	2613	0	729	2526	2543	2572	2738	2636	2904	2746	2722	2660	2614	2552	2551	2573	2436	2621	
208	2653	2717	2665	2800	2763	2797	2464	2286	2498	2560	2495	2432	2672	309	664	2489	2527	2690	2817	2729	2737	2723	2852	2730	2470	2521	2627	2703	2526	2587	
209	2712	2616	2835	2774	2748	2751	2428	2341	2449	2493	2367	2366	2637	171	738	2556	2513	2605	2794	2830	2776	2747	2789	2694	2633	2573	2554	2618	2616	2734	
210	2674	2720	2763	2748	2676	2748	2446	2444	2452	2467	2520	2378	2555	0	650	2564	2516	2581	2753	2790	2730	2825	2772	2649	2651	2505	2458	2593	2655	2695	
211	2641	2723	2701	2700	2795	2766	2489	2374	2511	2435	2439	2460	2616	0	712	2491	2556	2626	2758	2737	2802	2771	2684	2726	2595	2648	2457	2648	2546	2667	
212	2637	2725	2742	2836	2734	2765	2489	2371	2513	2435	2464	2409	2590	158	620	2539	2511	2658	2805	2836	2740	2770	2800	2693	2649	2505	2584	2689	2631	2675	
213	2744	2722	2739	2774	2720	2852	2358	2383	2465	2526	2413	2513	2582	0	689	2522	2427	2714	2730	2687	2806	2722	2741	2685	2595	2585	2492	2685	2432	2723	
214	2698	2785	2733	2830	2751	2744	2421	2335	2564	2517	2433	2443	2591	0	685	2498	2534	2721	2917	2726	2748	2703	2836	2748	2496	2590	2599	2574	2650	2678	
215	2661	2700	2709	2882	2738	2788	2435	2326	2422	2512	2396	2405	2612	4	659	2485	2502	2522	2723	2781	2765	2771	2741	2694	2500	2581	2421	2614	2563	2691	
216	2708	2662	2755	2743	2765	2763	2319	2446	2427	2587	2390	2512	2664	288	719	2495	2510	2579	2730	2817	2804	2749	2761	2674	2544	2637	2586	2590	2564	2521	
217	2746	2639	2777	2762	2754	2760	2461	2484	2511	2501	2423	2460	2590	0	723	2453	2494	2622	2742	2701	2802	2706	2731	2734	2532	2587	2488	2522	2566	2685	
218	2697	2688	2806	2666	2716	2766	2441	2438	2511	2497	2399	2536	2585	0	762	2550	2516	2528	2769	2685	2769	2720	2724	2700	2475	2608	2552	2528	2550	2681	
219	2721	2684	2796	2817	2727	2736	2475	2414	2426	2465	2383	2417	2601	61	670	2540	2533	2584	2816	2869	2716	2770	2730	2729	2449	2644	2627	2674	2539	2704	
220	2731	2738	2729	2711	2784	2603	2435	2395	2410	2459	2404	2502	2613	142	780	2582	2608	2572	2878	2848	2758	2687	2724	2675	2569	2644	2581	2666	2683	2629	
221	2756	2662	2723	2821	2697	2712	2403	2423	2453	2584	2459	2480	2600	166	693	2602	2552	2615	2761	2861	2765	2740	2758	2790	2579	2545	2505	2679	2573	2623	
222	2648	2817	2775	2852	2786	2756	2550	2357	2507	2490	2446	2540	2558	0	654	2582	2521	2484	2689	2748	2783	2747	2732	2707	2645	2569	2508	2632	2675	2559	
223	2748	2743	2785	2704	2718	2770	2476	2402	2501	2508	2361	2480	2655	334	673	2571	2553	2661	2775	2765	2927	2704	2835	2764	2570	2481	2618	2627	2562	2752	
224	2685	2665	2719	2887	2726	2725	2515	2433	2414	2528	2449	2502	2622	13	641	2516	2537	2545	2708	2735	2845	2675	2714	2739	2650	2534	2604	2694	2641	2665	
225	2698	2729	2633	2767	2685	2715	2464	2395	2562	2550	2462	2500	2619	214	741	2503	2582	2601	2725	2742	2874	2706	2787	2723	2537	2594	2509	2663	2624	2620	
226	2701	2819	2764	2879	2784	2741	2455	2347	2507	2485	2484	2405	2685	118	701	2517	2451	2551	2699	2795	2683	2804	2802	2719	2587	2567	2639	2639	2604	2685	
227	2754	2690	2710	2863	2864	2719	2500	2459	2485	2549	2498	2416	2590	409	708	2628	2554	2611	2749	2790	2706	2653	2744	2710	2541	2586	2487	2652	2528	2663	
228	2635	2702	2763	2647	2855	2711	2470	2428	2424	2485	2440	2393	2620	0	725	2612	2457	2512	2769	2756	2824	2778	2749	2730	2545	2604	2478	2620	2593	2626	
229	2683	2729	2743	2919	2816	2817	2537	2440	2500	2504	2533	2397	2610	0	706	2570	2485	2567	2772	2768	2766	2745	2818	2645	2655	2659	2573	2667	2695	2641	
230	2706	2740	2681	2814	2775	2760	2487	2421	2365	2466	2429	2401	2610	220	708	2565	2476	2513	2780	2773	2761	2726	2806	2683	2566	2491	2486	2604	2577	2625	
231	2618	2678	2661	2695	2791	2793	2463	2383	2414	2517	2448	2437	2517	0	726	2529	2598	2664	2756	2836	2712	2804	2773	2702	2572	2590	2629	2749	2669	2722	
232	2657	2682	2708	2782	2771	2771	2476	2415	2477	2508	2407	2541	2558	148	697	2500	2489	2618	2758	2718	2731	2681	2831	2757	2623	2614	2523	2631	2580	2593	
233	2693	2704	2858	2751	2778	2764	2424	2377	2407	2524	2425	2476	2684	0	677	2540	2532	2564	2816	2742	2766	2669	2761	2660	2638	2606	2565	2613	2645	2616	
234	2581	2733	2693	2816	2777	2704	2557	2387	2462	2537	2426	2425	2585	0	686	2514	2518	2572	2854	2712	2758	2763	2759	2645	2471	2554	2626	2629	2565	2613	
235	2700	2663	2716	2900	2775	2734	2487	2399	2449	2379	2475	2444	2719	0	751	2557	2507	2658	2771	2820	2708	2783	2798	2708	2545	2501	2558	2656	2559	2678	
236	2725	2653	2740	2815	2772	2779	2483	2477	2470	2516	2487	2473	2623	257	684	2550	2481	2666	2907	2731	2851	2696	2756	2648	2610	2653	2561	2606	2488	2661	
237	2709	2722	2638	2771	2750	2794	2473	2480	2452	2473	2368	2440	2639	139	767	2471	2542	2548	2723	2744	2757	2785	2763	2683	2547	2683	2628	2663	2621	2671	
238	2734	2634	2762	2765	2776	2734	2456	2379	2440	2457	2453	2439	2649	202	737	2463	2465	2600	2908	2800	2783	2693	2796	2758	2561	2642	2532	2601	2529	2720	
239	2720	2618	2748	2871	2682	2839	2478	2364	2388	2503	2535	2486	2577	4	727	2618	2548	2555	2789	2706	2680	2741	2723	2659	2543	2530	2521	2641	2558	2717	
240	2800	2645	2793	2831	2761	2787	2468	2335	2495	2458	2458	2366	2625	307	679	2596	2522	2656	2745	2735	2724	2748	2700	2749	2585	2514	2588	2654	2628	2629	
241	2618	2745	2599	2753	2793	2740	2360	2412	2526	2438	2462	2351	2574	159	727	2602	2556	2599	2771	2784	2807	2746	2767	2520	2540	2626	2589	2520	2595	2600	
242	2606	2722	2734	2903	2846	2813	2427	2352	2544	2570	2383	2413	2588	0	680	2542	2552	2596	2776	2766	2745	2787	2789	2588	2596	2495	2625	2609	2601	2651	
243	2746	2738	2783	2737	2759	2805	2469	2362	2460	2480	2492	2428	2625	8	681	2525	2574	2681	2866	2822	2782	2730	2744	2674	2558	2533	2571	2625	2680	2686	
244	2649	2828	2769	2863	2756	2771	2419	2425	2428	2529	2453	2493	2640	358	797	2575	2570	2608	2827	2757	2717	2680	2710	2750	2526	2585	2561	2635	2485	2754	
245	2726	2646	2706	2839	2725	2809	2355	2418	2483	2429	2408	2422	2562	117	737	2668	2597	2609	2720	2653	2744	2755	2702	2721	2505	2610	2520	2619	2539	2708	
246	2676	2673	2687	2873	2892	2693	2498	2340	2360	2544	2516	2462	2694	303	538	2605	2471	2575	2713	2789	2737	2820	2823	2745	2574	2596	2631	2610	2545	2569	
247	2633	2740	2682	2848	2838	2788	2474	2301	2479	2454	2429	2463	2651	0	713	2580	2577	2611	2770	2737	2748	2709	2666	2682	2626	2574	2531	2587	2624	2656	
248	2631	2692	2814	2805	2724	2784	2478	2455	2469	2449	2464	2436	2660	0	655	2595	2502	2541	2841	2712	2867	2709	2813	2601	2592	2551	2510	2663	2609	2733	
249	2692	2727	2690	2827	2746	2745	2335	2376	2391	2504	2420	2433	2644	174	678	2609	2514	2631	2807	2760	2814	2811	2763	2736	2574	2623	2539	2640	2609	2740	
250	2747	2735	2731	2854	2776	2767	2449	2450	2380	2424	2463	2499	2668	0	587	2522	2391	2527	2745	2664	2768	2725	2753	2706	2533	2538	2558	2641	2592	2601	
251	2774	2723	2696	2810	2719	2735	2463	2377	2424	2554	2468	2447	2713	174	751	2587	2498	2594	2803	2755	2752	2696	2843	2629	2576	2551	2579	2606	2636	2639	
252	2704	2677	2635	2723	2757	2778	2427	2330	2391	2502	2375	2469	2644	169	684	2561	2507	2578	2748	2890	2734	2766	2743	2760	2471	2571	2581	2599	2561	2631	
253	2551	2701	2763	2815	2701	2754	2521	2352	2489	2465	2417	2389	2668	344	686	2552	2399	2512	2787	2748	2709	2739	2695	2758	2651	2560	2565	2728	2518	2627	
254	2736	2749	2710	2813	2854	2728	2466	2324	2302	2559	2396	2452	2627	0	701	2522	2551	2582	2657	2707	2834	2668	2804	2695	2560	2567	2495	2731	2606	2618	
255	2730	2599	2773	2724	2863	2799	2513	2413	2407	2509	2381	2373	2562	383	720	2559	2547	2593	2840	2837	2794	2726	2658	2657	2553	2590	2508	2711	2580	2600	


